id,lbl,prediction,lbl_str,prediction_str,prediction_time,model_type
0,3,3,cat,cat,00:00:00,TFL
1,8,8,ship,ship,00:00:00,TFL
2,8,8,ship,ship,00:00:00,TFL
3,0,0,airplane,airplane,00:00:00,TFL
4,6,6,frog,frog,00:00:00,TFL
5,6,6,frog,frog,00:00:00,TFL
6,1,1,automobile,automobile,00:00:00,TFL
7,6,6,frog,frog,00:00:00,TFL
8,3,3,cat,cat,00:00:00,TFL
9,1,1,automobile,automobile,00:00:00,TFL
10,0,0,airplane,airplane,00:00:00,TFL
11,9,9,truck,truck,00:00:00,TFL
12,5,5,dog,dog,00:00:00,TFL
13,7,7,horse,horse,00:00:00,TFL
14,9,9,truck,truck,00:00:00,TFL
15,8,8,ship,ship,00:00:00,TFL
16,5,5,dog,dog,00:00:00,TFL
17,7,7,horse,horse,00:00:00,TFL
18,8,8,ship,ship,00:00:00,TFL
19,6,6,frog,frog,00:00:00,TFL
20,7,7,horse,horse,00:00:00,TFL
21,0,0,airplane,airplane,00:00:00,TFL
22,4,4,deer,deer,00:00:00,TFL
23,9,9,truck,truck,00:00:00,TFL
24,5,4,dog,deer,00:00:00,TFL
25,2,2,bird,bird,00:00:00,TFL
26,4,4,deer,deer,00:00:00,TFL
27,0,0,airplane,airplane,00:00:00,TFL
28,9,9,truck,truck,00:00:00,TFL
29,6,6,frog,frog,00:00:00,TFL
30,6,6,frog,frog,00:00:00,TFL
31,5,5,dog,dog,00:00:00,TFL
32,4,6,deer,frog,00:00:00,TFL
33,5,5,dog,dog,00:00:00,TFL
34,9,9,truck,truck,00:00:00,TFL
35,2,3,bird,cat,00:00:00,TFL
36,4,4,deer,deer,00:00:00,TFL
37,1,1,automobile,automobile,00:00:00,TFL
38,9,9,truck,truck,00:00:00,TFL
39,5,5,dog,dog,00:00:00,TFL
40,4,4,deer,deer,00:00:00,TFL
41,6,6,frog,frog,00:00:00,TFL
42,5,5,dog,dog,00:00:00,TFL
43,6,6,frog,frog,00:00:00,TFL
44,0,0,airplane,airplane,00:00:00,TFL
45,9,9,truck,truck,00:00:00,TFL
46,3,3,cat,cat,00:00:00,TFL
47,9,9,truck,truck,00:00:00,TFL
48,7,7,horse,horse,00:00:00,TFL
49,6,6,frog,frog,00:00:00,TFL
50,9,9,truck,truck,00:00:00,TFL
51,8,8,ship,ship,00:00:00,TFL
52,0,7,airplane,horse,00:00:00,TFL
53,3,3,cat,cat,00:00:00,TFL
54,8,8,ship,ship,00:00:00,TFL
55,8,8,ship,ship,00:00:00,TFL
56,7,7,horse,horse,00:00:00,TFL
57,7,3,horse,cat,00:00:00,TFL
58,4,3,deer,cat,00:00:00,TFL
59,6,3,frog,cat,00:00:00,TFL
60,7,7,horse,horse,00:00:00,TFL
61,3,5,cat,dog,00:00:00,TFL
62,6,6,frog,frog,00:00:00,TFL
63,3,3,cat,cat,00:00:00,TFL
64,6,6,frog,frog,00:00:00,TFL
65,2,2,bird,bird,00:00:00,TFL
66,1,1,automobile,automobile,00:00:00,TFL
67,2,2,bird,bird,00:00:00,TFL
68,3,3,cat,cat,00:00:00,TFL
69,7,7,horse,horse,00:00:00,TFL
70,2,4,bird,deer,00:00:00,TFL
71,6,3,frog,cat,00:00:00,TFL
72,8,8,ship,ship,00:00:00,TFL
73,8,8,ship,ship,00:00:00,TFL
74,0,0,airplane,airplane,00:00:00,TFL
75,2,2,bird,bird,00:00:00,TFL
76,9,9,truck,truck,00:00:00,TFL
77,3,3,cat,cat,00:00:00,TFL
78,3,5,cat,dog,00:00:00,TFL
79,8,8,ship,ship,00:00:00,TFL
80,8,8,ship,ship,00:00:00,TFL
81,1,1,automobile,automobile,00:00:00,TFL
82,1,1,automobile,automobile,00:00:00,TFL
83,7,7,horse,horse,00:00:00,TFL
84,2,2,bird,bird,00:00:00,TFL
85,5,9,dog,truck,00:00:00,TFL
86,2,2,bird,bird,00:00:00,TFL
87,7,3,horse,cat,00:00:00,TFL
88,8,8,ship,ship,00:00:00,TFL
89,9,9,truck,truck,00:00:00,TFL
90,0,0,airplane,airplane,00:00:00,TFL
91,3,6,cat,frog,00:00:00,TFL
92,8,8,ship,ship,00:00:00,TFL
93,6,6,frog,frog,00:00:00,TFL
94,4,4,deer,deer,00:00:00,TFL
95,6,6,frog,frog,00:00:00,TFL
96,6,6,frog,frog,00:00:00,TFL
97,0,0,airplane,airplane,00:00:00,TFL
98,0,0,airplane,airplane,00:00:00,TFL
99,7,7,horse,horse,00:00:00,TFL
100,4,4,deer,deer,00:00:00,TFL
101,5,5,dog,dog,00:00:00,TFL
102,6,6,frog,frog,00:00:00,TFL
103,3,3,cat,cat,00:00:00,TFL
104,1,1,automobile,automobile,00:00:00,TFL
105,1,1,automobile,automobile,00:00:00,TFL
106,3,3,cat,cat,00:00:00,TFL
107,6,6,frog,frog,00:00:00,TFL
108,8,8,ship,ship,00:00:00,TFL
109,7,7,horse,horse,00:00:00,TFL
110,4,4,deer,deer,00:00:00,TFL
111,0,0,airplane,airplane,00:00:00,TFL
112,6,2,frog,bird,00:00:00,TFL
113,2,2,bird,bird,00:00:00,TFL
114,1,1,automobile,automobile,00:00:00,TFL
115,3,3,cat,cat,00:00:00,TFL
116,0,0,airplane,airplane,00:00:00,TFL
117,4,4,deer,deer,00:00:00,TFL
118,2,5,bird,dog,00:00:00,TFL
119,7,7,horse,horse,00:00:00,TFL
120,8,8,ship,ship,00:00:00,TFL
121,3,3,cat,cat,00:00:00,TFL
122,1,1,automobile,automobile,00:00:00,TFL
123,2,2,bird,bird,00:00:00,TFL
124,8,8,ship,ship,00:00:00,TFL
125,0,2,airplane,bird,00:00:00,TFL
126,8,8,ship,ship,00:00:00,TFL
127,3,3,cat,cat,00:00:00,TFL
128,5,3,dog,cat,00:00:00,TFL
129,2,2,bird,bird,00:00:00,TFL
130,4,4,deer,deer,00:00:00,TFL
131,1,1,automobile,automobile,00:00:00,TFL
132,8,8,ship,ship,00:00:00,TFL
133,9,9,truck,truck,00:00:00,TFL
134,1,1,automobile,automobile,00:00:00,TFL
135,2,2,bird,bird,00:00:00,TFL
136,9,9,truck,truck,00:00:00,TFL
137,7,7,horse,horse,00:00:00,TFL
138,2,2,bird,bird,00:00:00,TFL
139,9,8,truck,ship,00:00:00,TFL
140,6,6,frog,frog,00:00:00,TFL
141,5,5,dog,dog,00:00:00,TFL
142,6,6,frog,frog,00:00:00,TFL
143,3,3,cat,cat,00:00:00,TFL
144,8,8,ship,ship,00:00:00,TFL
145,7,7,horse,horse,00:00:00,TFL
146,6,6,frog,frog,00:00:00,TFL
147,2,5,bird,dog,00:00:00,TFL
148,5,5,dog,dog,00:00:00,TFL
149,2,2,bird,bird,00:00:00,TFL
150,8,8,ship,ship,00:00:00,TFL
151,9,9,truck,truck,00:00:00,TFL
152,6,6,frog,frog,00:00:00,TFL
153,0,0,airplane,airplane,00:00:00,TFL
154,0,0,airplane,airplane,00:00:00,TFL
155,5,5,dog,dog,00:00:00,TFL
156,2,2,bird,bird,00:00:00,TFL
157,9,9,truck,truck,00:00:00,TFL
158,5,5,dog,dog,00:00:00,TFL
159,4,4,deer,deer,00:00:00,TFL
160,2,0,bird,airplane,00:00:00,TFL
161,1,1,automobile,automobile,00:00:00,TFL
162,6,6,frog,frog,00:00:00,TFL
163,6,6,frog,frog,00:00:00,TFL
164,8,8,ship,ship,00:00:00,TFL
165,4,4,deer,deer,00:00:00,TFL
166,8,8,ship,ship,00:00:00,TFL
167,4,4,deer,deer,00:00:00,TFL
168,5,5,dog,dog,00:00:00,TFL
169,0,0,airplane,airplane,00:00:00,TFL
170,9,9,truck,truck,00:00:00,TFL
171,9,0,truck,airplane,00:00:00,TFL
172,9,9,truck,truck,00:00:00,TFL
173,8,8,ship,ship,00:00:00,TFL
174,9,9,truck,truck,00:00:00,TFL
175,9,9,truck,truck,00:00:00,TFL
176,3,3,cat,cat,00:00:00,TFL
177,7,7,horse,horse,00:00:00,TFL
178,5,5,dog,dog,00:00:00,TFL
179,0,0,airplane,airplane,00:00:00,TFL
180,0,0,airplane,airplane,00:00:00,TFL
181,5,5,dog,dog,00:00:00,TFL
182,2,2,bird,bird,00:00:00,TFL
183,2,2,bird,bird,00:00:00,TFL
184,3,3,cat,cat,00:00:00,TFL
185,8,8,ship,ship,00:00:00,TFL
186,6,6,frog,frog,00:00:00,TFL
187,3,3,cat,cat,00:00:00,TFL
188,4,3,deer,cat,00:00:00,TFL
189,0,0,airplane,airplane,00:00:00,TFL
190,5,5,dog,dog,00:00:00,TFL
191,8,8,ship,ship,00:00:00,TFL
192,0,7,airplane,horse,00:00:00,TFL
193,1,1,automobile,automobile,00:00:00,TFL
194,7,7,horse,horse,00:00:00,TFL
195,2,2,bird,bird,00:00:00,TFL
196,8,8,ship,ship,00:00:00,TFL
197,8,8,ship,ship,00:00:00,TFL
198,7,7,horse,horse,00:00:00,TFL
199,8,8,ship,ship,00:00:00,TFL
200,5,5,dog,dog,00:00:00,TFL
201,1,1,automobile,automobile,00:00:00,TFL
202,8,8,ship,ship,00:00:00,TFL
203,7,7,horse,horse,00:00:00,TFL
204,1,1,automobile,automobile,00:00:00,TFL
205,3,3,cat,cat,00:00:00,TFL
206,0,0,airplane,airplane,00:00:00,TFL
207,5,5,dog,dog,00:00:00,TFL
208,7,7,horse,horse,00:00:00,TFL
209,9,9,truck,truck,00:00:00,TFL
210,7,7,horse,horse,00:00:00,TFL
211,4,4,deer,deer,00:00:00,TFL
212,5,5,dog,dog,00:00:00,TFL
213,9,9,truck,truck,00:00:00,TFL
214,8,8,ship,ship,00:00:00,TFL
215,0,0,airplane,airplane,00:00:00,TFL
216,7,7,horse,horse,00:00:00,TFL
217,9,9,truck,truck,00:00:00,TFL
218,8,8,ship,ship,00:00:00,TFL
219,2,2,bird,bird,00:00:00,TFL
220,7,7,horse,horse,00:00:00,TFL
221,6,3,frog,cat,00:00:00,TFL
222,9,9,truck,truck,00:00:00,TFL
223,4,4,deer,deer,00:00:00,TFL
224,3,4,cat,deer,00:00:00,TFL
225,9,9,truck,truck,00:00:00,TFL
226,6,4,frog,deer,00:00:00,TFL
227,4,4,deer,deer,00:00:00,TFL
228,7,3,horse,cat,00:00:00,TFL
229,6,6,frog,frog,00:00:00,TFL
230,5,5,dog,dog,00:00:00,TFL
231,1,1,automobile,automobile,00:00:00,TFL
232,5,3,dog,cat,00:00:00,TFL
233,8,8,ship,ship,00:00:00,TFL
234,8,8,ship,ship,00:00:00,TFL
235,0,0,airplane,airplane,00:00:00,TFL
236,4,4,deer,deer,00:00:00,TFL
237,0,9,airplane,truck,00:00:00,TFL
238,5,5,dog,dog,00:00:00,TFL
239,5,5,dog,dog,00:00:00,TFL
240,1,1,automobile,automobile,00:00:00,TFL
241,1,1,automobile,automobile,00:00:00,TFL
242,8,8,ship,ship,00:00:00,TFL
243,9,9,truck,truck,00:00:00,TFL
244,0,0,airplane,airplane,00:00:00,TFL
245,3,3,cat,cat,00:00:00,TFL
246,1,1,automobile,automobile,00:00:00,TFL
247,9,8,truck,ship,00:00:00,TFL
248,2,2,bird,bird,00:00:00,TFL
249,2,0,bird,airplane,00:00:00,TFL
250,5,5,dog,dog,00:00:00,TFL
251,3,3,cat,cat,00:00:00,TFL
252,9,9,truck,truck,00:00:00,TFL
253,9,9,truck,truck,00:00:00,TFL
254,4,2,deer,bird,00:00:00,TFL
255,0,0,airplane,airplane,00:00:00,TFL
256,3,3,cat,cat,00:00:00,TFL
257,0,0,airplane,airplane,00:00:00,TFL
258,0,8,airplane,ship,00:00:00,TFL
259,9,9,truck,truck,00:00:00,TFL
260,8,8,ship,ship,00:00:00,TFL
261,1,1,automobile,automobile,00:00:00,TFL
262,5,5,dog,dog,00:00:00,TFL
263,7,7,horse,horse,00:00:00,TFL
264,0,0,airplane,airplane,00:00:00,TFL
265,8,8,ship,ship,00:00:00,TFL
266,2,2,bird,bird,00:00:00,TFL
267,4,4,deer,deer,00:00:00,TFL
268,7,7,horse,horse,00:00:00,TFL
269,0,2,airplane,bird,00:00:00,TFL
270,2,2,bird,bird,00:00:00,TFL
271,3,3,cat,cat,00:00:00,TFL
272,6,6,frog,frog,00:00:00,TFL
273,3,3,cat,cat,00:00:00,TFL
274,8,8,ship,ship,00:00:00,TFL
275,5,5,dog,dog,00:00:00,TFL
276,0,0,airplane,airplane,00:00:00,TFL
277,3,3,cat,cat,00:00:00,TFL
278,4,4,deer,deer,00:00:00,TFL
279,3,3,cat,cat,00:00:00,TFL
280,9,9,truck,truck,00:00:00,TFL
281,0,1,airplane,automobile,00:00:00,TFL
282,6,6,frog,frog,00:00:00,TFL
283,1,1,automobile,automobile,00:00:00,TFL
284,0,9,airplane,truck,00:00:00,TFL
285,9,9,truck,truck,00:00:00,TFL
286,1,1,automobile,automobile,00:00:00,TFL
287,0,0,airplane,airplane,00:00:00,TFL
288,7,7,horse,horse,00:00:00,TFL
289,9,9,truck,truck,00:00:00,TFL
290,1,1,automobile,automobile,00:00:00,TFL
291,2,2,bird,bird,00:00:00,TFL
292,6,6,frog,frog,00:00:00,TFL
293,9,1,truck,automobile,00:00:00,TFL
294,3,3,cat,cat,00:00:00,TFL
295,4,4,deer,deer,00:00:00,TFL
296,6,6,frog,frog,00:00:00,TFL
297,0,0,airplane,airplane,00:00:00,TFL
298,0,0,airplane,airplane,00:00:00,TFL
299,6,6,frog,frog,00:00:00,TFL
300,6,6,frog,frog,00:00:00,TFL
301,6,6,frog,frog,00:00:00,TFL
302,3,3,cat,cat,00:00:00,TFL
303,2,2,bird,bird,00:00:00,TFL
304,6,6,frog,frog,00:00:00,TFL
305,1,1,automobile,automobile,00:00:00,TFL
306,8,8,ship,ship,00:00:00,TFL
307,2,2,bird,bird,00:00:00,TFL
308,1,1,automobile,automobile,00:00:00,TFL
309,6,4,frog,deer,00:00:00,TFL
310,8,1,ship,automobile,00:00:00,TFL
311,6,6,frog,frog,00:00:00,TFL
312,8,0,ship,airplane,00:00:00,TFL
313,0,0,airplane,airplane,00:00:00,TFL
314,4,4,deer,deer,00:00:00,TFL
315,0,0,airplane,airplane,00:00:00,TFL
316,7,7,horse,horse,00:00:00,TFL
317,7,7,horse,horse,00:00:00,TFL
318,5,5,dog,dog,00:00:00,TFL
319,5,5,dog,dog,00:00:00,TFL
320,3,3,cat,cat,00:00:00,TFL
321,5,3,dog,cat,00:00:00,TFL
322,2,2,bird,bird,00:00:00,TFL
323,3,2,cat,bird,00:00:00,TFL
324,4,4,deer,deer,00:00:00,TFL
325,1,1,automobile,automobile,00:00:00,TFL
326,7,7,horse,horse,00:00:00,TFL
327,5,5,dog,dog,00:00:00,TFL
328,4,4,deer,deer,00:00:00,TFL
329,6,6,frog,frog,00:00:00,TFL
330,1,1,automobile,automobile,00:00:00,TFL
331,9,9,truck,truck,00:00:00,TFL
332,3,3,cat,cat,00:00:00,TFL
333,6,6,frog,frog,00:00:00,TFL
334,6,6,frog,frog,00:00:00,TFL
335,9,9,truck,truck,00:00:00,TFL
336,3,3,cat,cat,00:00:00,TFL
337,8,8,ship,ship,00:00:00,TFL
338,0,0,airplane,airplane,00:00:00,TFL
339,7,7,horse,horse,00:00:00,TFL
340,2,2,bird,bird,00:00:00,TFL
341,6,6,frog,frog,00:00:00,TFL
342,2,2,bird,bird,00:00:00,TFL
343,5,3,dog,cat,00:00:00,TFL
344,8,8,ship,ship,00:00:00,TFL
345,5,5,dog,dog,00:00:00,TFL
346,4,4,deer,deer,00:00:00,TFL
347,6,6,frog,frog,00:00:00,TFL
348,8,8,ship,ship,00:00:00,TFL
349,9,9,truck,truck,00:00:00,TFL
350,9,9,truck,truck,00:00:00,TFL
351,1,1,automobile,automobile,00:00:00,TFL
352,0,8,airplane,ship,00:00:00,TFL
353,2,2,bird,bird,00:00:00,TFL
354,2,2,bird,bird,00:00:00,TFL
355,7,4,horse,deer,00:00:00,TFL
356,3,3,cat,cat,00:00:00,TFL
357,2,5,bird,dog,00:00:00,TFL
358,8,8,ship,ship,00:00:00,TFL
359,0,0,airplane,airplane,00:00:00,TFL
360,9,9,truck,truck,00:00:00,TFL
361,5,5,dog,dog,00:00:00,TFL
362,8,8,ship,ship,00:00:00,TFL
363,1,9,automobile,truck,00:00:00,TFL
364,9,9,truck,truck,00:00:00,TFL
365,4,4,deer,deer,00:00:00,TFL
366,1,1,automobile,automobile,00:00:00,TFL
367,3,3,cat,cat,00:00:00,TFL
368,8,4,ship,deer,00:00:00,TFL
369,1,1,automobile,automobile,00:00:00,TFL
370,4,4,deer,deer,00:00:00,TFL
371,7,7,horse,horse,00:00:00,TFL
372,9,9,truck,truck,00:00:00,TFL
373,4,4,deer,deer,00:00:00,TFL
374,2,2,bird,bird,00:00:00,TFL
375,7,7,horse,horse,00:00:00,TFL
376,0,9,airplane,truck,00:00:00,TFL
377,7,2,horse,bird,00:00:00,TFL
378,0,2,airplane,bird,00:00:00,TFL
379,6,6,frog,frog,00:00:00,TFL
380,6,6,frog,frog,00:00:00,TFL
381,9,9,truck,truck,00:00:00,TFL
382,0,0,airplane,airplane,00:00:00,TFL
383,9,9,truck,truck,00:00:00,TFL
384,2,5,bird,dog,00:00:00,TFL
385,8,0,ship,airplane,00:00:00,TFL
386,7,7,horse,horse,00:00:00,TFL
387,2,2,bird,bird,00:00:00,TFL
388,2,5,bird,dog,00:00:00,TFL
389,5,5,dog,dog,00:00:00,TFL
390,1,1,automobile,automobile,00:00:00,TFL
391,2,2,bird,bird,00:00:00,TFL
392,6,6,frog,frog,00:00:00,TFL
393,2,2,bird,bird,00:00:00,TFL
394,9,9,truck,truck,00:00:00,TFL
395,6,6,frog,frog,00:00:00,TFL
396,2,2,bird,bird,00:00:00,TFL
397,3,7,cat,horse,00:00:00,TFL
398,0,0,airplane,airplane,00:00:00,TFL
399,3,9,cat,truck,00:00:00,TFL
400,9,9,truck,truck,00:00:00,TFL
401,8,8,ship,ship,00:00:00,TFL
402,7,7,horse,horse,00:00:00,TFL
403,8,8,ship,ship,00:00:00,TFL
404,8,8,ship,ship,00:00:00,TFL
405,4,4,deer,deer,00:00:00,TFL
406,0,0,airplane,airplane,00:00:00,TFL
407,1,1,automobile,automobile,00:00:00,TFL
408,8,8,ship,ship,00:00:00,TFL
409,2,2,bird,bird,00:00:00,TFL
410,7,7,horse,horse,00:00:00,TFL
411,9,8,truck,ship,00:00:00,TFL
412,3,0,cat,airplane,00:00:00,TFL
413,6,6,frog,frog,00:00:00,TFL
414,1,1,automobile,automobile,00:00:00,TFL
415,9,9,truck,truck,00:00:00,TFL
416,0,5,airplane,dog,00:00:00,TFL
417,7,7,horse,horse,00:00:00,TFL
418,3,3,cat,cat,00:00:00,TFL
419,7,7,horse,horse,00:00:00,TFL
420,4,4,deer,deer,00:00:00,TFL
421,5,5,dog,dog,00:00:00,TFL
422,0,8,airplane,ship,00:00:00,TFL
423,0,0,airplane,airplane,00:00:00,TFL
424,2,2,bird,bird,00:00:00,TFL
425,9,9,truck,truck,00:00:00,TFL
426,3,6,cat,frog,00:00:00,TFL
427,4,4,deer,deer,00:00:00,TFL
428,0,0,airplane,airplane,00:00:00,TFL
429,6,6,frog,frog,00:00:00,TFL
430,2,4,bird,deer,00:00:00,TFL
431,5,5,dog,dog,00:00:00,TFL
432,3,3,cat,cat,00:00:00,TFL
433,7,7,horse,horse,00:00:00,TFL
434,3,3,cat,cat,00:00:00,TFL
435,7,7,horse,horse,00:00:00,TFL
436,2,6,bird,frog,00:00:00,TFL
437,5,5,dog,dog,00:00:00,TFL
438,3,5,cat,dog,00:00:00,TFL
439,1,1,automobile,automobile,00:00:00,TFL
440,1,1,automobile,automobile,00:00:00,TFL
441,4,4,deer,deer,00:00:00,TFL
442,9,9,truck,truck,00:00:00,TFL
443,9,9,truck,truck,00:00:00,TFL
444,5,5,dog,dog,00:00:00,TFL
445,7,7,horse,horse,00:00:00,TFL
446,5,5,dog,dog,00:00:00,TFL
447,0,0,airplane,airplane,00:00:00,TFL
448,2,2,bird,bird,00:00:00,TFL
449,2,2,bird,bird,00:00:00,TFL
450,2,9,bird,truck,00:00:00,TFL
451,9,9,truck,truck,00:00:00,TFL
452,7,5,horse,dog,00:00:00,TFL
453,3,3,cat,cat,00:00:00,TFL
454,9,9,truck,truck,00:00:00,TFL
455,4,4,deer,deer,00:00:00,TFL
456,3,4,cat,deer,00:00:00,TFL
457,5,5,dog,dog,00:00:00,TFL
458,4,4,deer,deer,00:00:00,TFL
459,6,2,frog,bird,00:00:00,TFL
460,5,5,dog,dog,00:00:00,TFL
461,6,6,frog,frog,00:00:00,TFL
462,1,1,automobile,automobile,00:00:00,TFL
463,4,4,deer,deer,00:00:00,TFL
464,3,3,cat,cat,00:00:00,TFL
465,4,4,deer,deer,00:00:00,TFL
466,4,4,deer,deer,00:00:00,TFL
467,3,3,cat,cat,00:00:00,TFL
468,7,5,horse,dog,00:00:00,TFL
469,8,8,ship,ship,00:00:00,TFL
470,3,3,cat,cat,00:00:00,TFL
471,7,7,horse,horse,00:00:00,TFL
472,8,8,ship,ship,00:00:00,TFL
473,0,0,airplane,airplane,00:00:00,TFL
474,5,3,dog,cat,00:00:00,TFL
475,7,7,horse,horse,00:00:00,TFL
476,6,6,frog,frog,00:00:00,TFL
477,0,0,airplane,airplane,00:00:00,TFL
478,5,5,dog,dog,00:00:00,TFL
479,4,4,deer,deer,00:00:00,TFL
480,8,9,ship,truck,00:00:00,TFL
481,6,6,frog,frog,00:00:00,TFL
482,8,8,ship,ship,00:00:00,TFL
483,5,5,dog,dog,00:00:00,TFL
484,5,5,dog,dog,00:00:00,TFL
485,9,9,truck,truck,00:00:00,TFL
486,9,9,truck,truck,00:00:00,TFL
487,9,9,truck,truck,00:00:00,TFL
488,5,4,dog,deer,00:00:00,TFL
489,0,2,airplane,bird,00:00:00,TFL
490,1,1,automobile,automobile,00:00:00,TFL
491,0,0,airplane,airplane,00:00:00,TFL
492,8,8,ship,ship,00:00:00,TFL
493,1,1,automobile,automobile,00:00:00,TFL
494,1,1,automobile,automobile,00:00:00,TFL
495,8,8,ship,ship,00:00:00,TFL
496,0,0,airplane,airplane,00:00:00,TFL
497,2,5,bird,dog,00:00:00,TFL
498,2,2,bird,bird,00:00:00,TFL
499,0,0,airplane,airplane,00:00:00,TFL
500,4,4,deer,deer,00:00:00,TFL
501,6,6,frog,frog,00:00:00,TFL
502,5,5,dog,dog,00:00:00,TFL
503,4,4,deer,deer,00:00:00,TFL
504,9,9,truck,truck,00:00:00,TFL
505,4,4,deer,deer,00:00:00,TFL
506,7,7,horse,horse,00:00:00,TFL
507,9,9,truck,truck,00:00:00,TFL
508,9,9,truck,truck,00:00:00,TFL
509,4,4,deer,deer,00:00:00,TFL
510,5,5,dog,dog,00:00:00,TFL
511,6,6,frog,frog,00:00:00,TFL
512,6,6,frog,frog,00:00:00,TFL
513,1,1,automobile,automobile,00:00:00,TFL
514,5,5,dog,dog,00:00:00,TFL
515,3,3,cat,cat,00:00:00,TFL
516,8,8,ship,ship,00:00:00,TFL
517,9,9,truck,truck,00:00:00,TFL
518,5,3,dog,cat,00:00:00,TFL
519,8,8,ship,ship,00:00:00,TFL
520,5,5,dog,dog,00:00:00,TFL
521,7,7,horse,horse,00:00:00,TFL
522,0,0,airplane,airplane,00:00:00,TFL
523,7,7,horse,horse,00:00:00,TFL
524,0,0,airplane,airplane,00:00:00,TFL
525,5,5,dog,dog,00:00:00,TFL
526,0,8,airplane,ship,00:00:00,TFL
527,0,0,airplane,airplane,00:00:00,TFL
528,4,4,deer,deer,00:00:00,TFL
529,6,6,frog,frog,00:00:00,TFL
530,9,9,truck,truck,00:00:00,TFL
531,0,4,airplane,deer,00:00:00,TFL
532,9,9,truck,truck,00:00:00,TFL
533,5,5,dog,dog,00:00:00,TFL
534,6,6,frog,frog,00:00:00,TFL
535,6,6,frog,frog,00:00:00,TFL
536,6,6,frog,frog,00:00:00,TFL
537,2,2,bird,bird,00:00:00,TFL
538,9,8,truck,ship,00:00:00,TFL
539,0,0,airplane,airplane,00:00:00,TFL
540,1,1,automobile,automobile,00:00:00,TFL
541,7,5,horse,dog,00:00:00,TFL
542,6,6,frog,frog,00:00:00,TFL
543,7,7,horse,horse,00:00:00,TFL
544,5,5,dog,dog,00:00:00,TFL
545,9,9,truck,truck,00:00:00,TFL
546,1,1,automobile,automobile,00:00:00,TFL
547,6,6,frog,frog,00:00:00,TFL
548,2,2,bird,bird,00:00:00,TFL
549,5,5,dog,dog,00:00:00,TFL
550,5,5,dog,dog,00:00:00,TFL
551,5,2,dog,bird,00:00:00,TFL
552,8,8,ship,ship,00:00:00,TFL
553,5,5,dog,dog,00:00:00,TFL
554,9,9,truck,truck,00:00:00,TFL
555,4,4,deer,deer,00:00:00,TFL
556,6,6,frog,frog,00:00:00,TFL
557,4,4,deer,deer,00:00:00,TFL
558,3,3,cat,cat,00:00:00,TFL
559,2,2,bird,bird,00:00:00,TFL
560,0,0,airplane,airplane,00:00:00,TFL
561,7,7,horse,horse,00:00:00,TFL
562,6,6,frog,frog,00:00:00,TFL
563,2,4,bird,deer,00:00:00,TFL
564,2,2,bird,bird,00:00:00,TFL
565,3,5,cat,dog,00:00:00,TFL
566,9,9,truck,truck,00:00:00,TFL
567,7,4,horse,deer,00:00:00,TFL
568,9,9,truck,truck,00:00:00,TFL
569,2,2,bird,bird,00:00:00,TFL
570,6,2,frog,bird,00:00:00,TFL
571,7,7,horse,horse,00:00:00,TFL
572,1,1,automobile,automobile,00:00:00,TFL
573,3,3,cat,cat,00:00:00,TFL
574,6,6,frog,frog,00:00:00,TFL
575,6,6,frog,frog,00:00:00,TFL
576,8,8,ship,ship,00:00:00,TFL
577,9,8,truck,ship,00:00:00,TFL
578,7,7,horse,horse,00:00:00,TFL
579,5,5,dog,dog,00:00:00,TFL
580,4,4,deer,deer,00:00:00,TFL
581,0,0,airplane,airplane,00:00:00,TFL
582,8,8,ship,ship,00:00:00,TFL
583,4,4,deer,deer,00:00:00,TFL
584,0,0,airplane,airplane,00:00:00,TFL
585,9,9,truck,truck,00:00:00,TFL
586,3,3,cat,cat,00:00:00,TFL
587,4,4,deer,deer,00:00:00,TFL
588,8,8,ship,ship,00:00:00,TFL
589,9,9,truck,truck,00:00:00,TFL
590,6,6,frog,frog,00:00:00,TFL
591,9,9,truck,truck,00:00:00,TFL
592,2,2,bird,bird,00:00:00,TFL
593,6,6,frog,frog,00:00:00,TFL
594,1,1,automobile,automobile,00:00:00,TFL
595,4,4,deer,deer,00:00:00,TFL
596,7,7,horse,horse,00:00:00,TFL
597,3,2,cat,bird,00:00:00,TFL
598,5,3,dog,cat,00:00:00,TFL
599,3,3,cat,cat,00:00:00,TFL
600,8,8,ship,ship,00:00:00,TFL
601,5,5,dog,dog,00:00:00,TFL
602,0,0,airplane,airplane,00:00:00,TFL
603,2,2,bird,bird,00:00:00,TFL
604,1,1,automobile,automobile,00:00:00,TFL
605,6,6,frog,frog,00:00:00,TFL
606,4,3,deer,cat,00:00:00,TFL
607,3,5,cat,dog,00:00:00,TFL
608,3,3,cat,cat,00:00:00,TFL
609,9,9,truck,truck,00:00:00,TFL
610,6,6,frog,frog,00:00:00,TFL
611,9,9,truck,truck,00:00:00,TFL
612,8,8,ship,ship,00:00:00,TFL
613,8,8,ship,ship,00:00:00,TFL
614,5,5,dog,dog,00:00:00,TFL
615,8,8,ship,ship,00:00:00,TFL
616,6,6,frog,frog,00:00:00,TFL
617,6,6,frog,frog,00:00:00,TFL
618,2,2,bird,bird,00:00:00,TFL
619,1,1,automobile,automobile,00:00:00,TFL
620,7,7,horse,horse,00:00:00,TFL
621,7,7,horse,horse,00:00:00,TFL
622,1,1,automobile,automobile,00:00:00,TFL
623,2,2,bird,bird,00:00:00,TFL
624,7,7,horse,horse,00:00:00,TFL
625,9,9,truck,truck,00:00:00,TFL
626,9,9,truck,truck,00:00:00,TFL
627,4,4,deer,deer,00:00:00,TFL
628,4,4,deer,deer,00:00:00,TFL
629,1,1,automobile,automobile,00:00:00,TFL
630,2,0,bird,airplane,00:00:00,TFL
631,5,5,dog,dog,00:00:00,TFL
632,6,6,frog,frog,00:00:00,TFL
633,8,8,ship,ship,00:00:00,TFL
634,7,7,horse,horse,00:00:00,TFL
635,6,6,frog,frog,00:00:00,TFL
636,8,8,ship,ship,00:00:00,TFL
637,3,8,cat,ship,00:00:00,TFL
638,0,0,airplane,airplane,00:00:00,TFL
639,5,5,dog,dog,00:00:00,TFL
640,5,5,dog,dog,00:00:00,TFL
641,3,3,cat,cat,00:00:00,TFL
642,0,2,airplane,bird,00:00:00,TFL
643,7,7,horse,horse,00:00:00,TFL
644,9,9,truck,truck,00:00:00,TFL
645,1,1,automobile,automobile,00:00:00,TFL
646,3,3,cat,cat,00:00:00,TFL
647,4,4,deer,deer,00:00:00,TFL
648,4,4,deer,deer,00:00:00,TFL
649,5,5,dog,dog,00:00:00,TFL
650,3,3,cat,cat,00:00:00,TFL
651,9,9,truck,truck,00:00:00,TFL
652,5,5,dog,dog,00:00:00,TFL
653,6,6,frog,frog,00:00:00,TFL
654,9,9,truck,truck,00:00:00,TFL
655,2,4,bird,deer,00:00:00,TFL
656,1,1,automobile,automobile,00:00:00,TFL
657,1,1,automobile,automobile,00:00:00,TFL
658,4,4,deer,deer,00:00:00,TFL
659,1,1,automobile,automobile,00:00:00,TFL
660,9,9,truck,truck,00:00:00,TFL
661,4,4,deer,deer,00:00:00,TFL
662,7,7,horse,horse,00:00:00,TFL
663,6,6,frog,frog,00:00:00,TFL
664,3,3,cat,cat,00:00:00,TFL
665,8,0,ship,airplane,00:00:00,TFL
666,9,9,truck,truck,00:00:00,TFL
667,0,0,airplane,airplane,00:00:00,TFL
668,1,1,automobile,automobile,00:00:00,TFL
669,3,3,cat,cat,00:00:00,TFL
670,6,6,frog,frog,00:00:00,TFL
671,3,7,cat,horse,00:00:00,TFL
672,6,2,frog,bird,00:00:00,TFL
673,3,3,cat,cat,00:00:00,TFL
674,2,2,bird,bird,00:00:00,TFL
675,0,8,airplane,ship,00:00:00,TFL
676,3,4,cat,deer,00:00:00,TFL
677,1,9,automobile,truck,00:00:00,TFL
678,0,0,airplane,airplane,00:00:00,TFL
679,5,5,dog,dog,00:00:00,TFL
680,9,9,truck,truck,00:00:00,TFL
681,6,6,frog,frog,00:00:00,TFL
682,4,3,deer,cat,00:00:00,TFL
683,8,0,ship,airplane,00:00:00,TFL
684,9,9,truck,truck,00:00:00,TFL
685,6,4,frog,deer,00:00:00,TFL
686,9,9,truck,truck,00:00:00,TFL
687,6,6,frog,frog,00:00:00,TFL
688,3,3,cat,cat,00:00:00,TFL
689,0,3,airplane,cat,00:00:00,TFL
690,3,4,cat,deer,00:00:00,TFL
691,2,2,bird,bird,00:00:00,TFL
692,2,2,bird,bird,00:00:00,TFL
693,7,7,horse,horse,00:00:00,TFL
694,8,8,ship,ship,00:00:00,TFL
695,3,3,cat,cat,00:00:00,TFL
696,8,8,ship,ship,00:00:00,TFL
697,2,3,bird,cat,00:00:00,TFL
698,7,7,horse,horse,00:00:00,TFL
699,5,5,dog,dog,00:00:00,TFL
700,7,7,horse,horse,00:00:00,TFL
701,2,2,bird,bird,00:00:00,TFL
702,4,4,deer,deer,00:00:00,TFL
703,8,8,ship,ship,00:00:00,TFL
704,7,7,horse,horse,00:00:00,TFL
705,4,4,deer,deer,00:00:00,TFL
706,2,2,bird,bird,00:00:00,TFL
707,9,9,truck,truck,00:00:00,TFL
708,8,8,ship,ship,00:00:00,TFL
709,8,8,ship,ship,00:00:00,TFL
710,6,6,frog,frog,00:00:00,TFL
711,8,8,ship,ship,00:00:00,TFL
712,8,8,ship,ship,00:00:00,TFL
713,7,7,horse,horse,00:00:00,TFL
714,4,4,deer,deer,00:00:00,TFL
715,3,3,cat,cat,00:00:00,TFL
716,3,3,cat,cat,00:00:00,TFL
717,8,4,ship,deer,00:00:00,TFL
718,4,4,deer,deer,00:00:00,TFL
719,9,9,truck,truck,00:00:00,TFL
720,4,7,deer,horse,00:00:00,TFL
721,8,8,ship,ship,00:00:00,TFL
722,8,8,ship,ship,00:00:00,TFL
723,1,1,automobile,automobile,00:00:00,TFL
724,8,8,ship,ship,00:00:00,TFL
725,2,8,bird,ship,00:00:00,TFL
726,1,1,automobile,automobile,00:00:00,TFL
727,3,3,cat,cat,00:00:00,TFL
728,6,6,frog,frog,00:00:00,TFL
729,5,5,dog,dog,00:00:00,TFL
730,4,4,deer,deer,00:00:00,TFL
731,2,2,bird,bird,00:00:00,TFL
732,7,7,horse,horse,00:00:00,TFL
733,9,9,truck,truck,00:00:00,TFL
734,9,1,truck,automobile,00:00:00,TFL
735,4,6,deer,frog,00:00:00,TFL
736,1,1,automobile,automobile,00:00:00,TFL
737,4,4,deer,deer,00:00:00,TFL
738,1,1,automobile,automobile,00:00:00,TFL
739,3,7,cat,horse,00:00:00,TFL
740,2,3,bird,cat,00:00:00,TFL
741,7,7,horse,horse,00:00:00,TFL
742,0,0,airplane,airplane,00:00:00,TFL
743,7,7,horse,horse,00:00:00,TFL
744,9,1,truck,automobile,00:00:00,TFL
745,7,7,horse,horse,00:00:00,TFL
746,6,3,frog,cat,00:00:00,TFL
747,6,6,frog,frog,00:00:00,TFL
748,2,2,bird,bird,00:00:00,TFL
749,5,3,dog,cat,00:00:00,TFL
750,9,9,truck,truck,00:00:00,TFL
751,2,2,bird,bird,00:00:00,TFL
752,9,9,truck,truck,00:00:00,TFL
753,1,1,automobile,automobile,00:00:00,TFL
754,2,2,bird,bird,00:00:00,TFL
755,2,2,bird,bird,00:00:00,TFL
756,6,6,frog,frog,00:00:00,TFL
757,8,8,ship,ship,00:00:00,TFL
758,2,2,bird,bird,00:00:00,TFL
759,1,1,automobile,automobile,00:00:00,TFL
760,3,3,cat,cat,00:00:00,TFL
761,6,5,frog,dog,00:00:00,TFL
762,6,6,frog,frog,00:00:00,TFL
763,0,0,airplane,airplane,00:00:00,TFL
764,1,1,automobile,automobile,00:00:00,TFL
765,2,2,bird,bird,00:00:00,TFL
766,7,7,horse,horse,00:00:00,TFL
767,0,9,airplane,truck,00:00:00,TFL
768,5,5,dog,dog,00:00:00,TFL
769,4,4,deer,deer,00:00:00,TFL
770,6,6,frog,frog,00:00:00,TFL
771,1,9,automobile,truck,00:00:00,TFL
772,6,6,frog,frog,00:00:00,TFL
773,4,6,deer,frog,00:00:00,TFL
774,0,0,airplane,airplane,00:00:00,TFL
775,2,6,bird,frog,00:00:00,TFL
776,2,3,bird,cat,00:00:00,TFL
777,6,6,frog,frog,00:00:00,TFL
778,0,0,airplane,airplane,00:00:00,TFL
779,5,6,dog,frog,00:00:00,TFL
780,9,9,truck,truck,00:00:00,TFL
781,1,1,automobile,automobile,00:00:00,TFL
782,7,7,horse,horse,00:00:00,TFL
783,6,6,frog,frog,00:00:00,TFL
784,7,7,horse,horse,00:00:00,TFL
785,0,0,airplane,airplane,00:00:00,TFL
786,3,3,cat,cat,00:00:00,TFL
787,9,9,truck,truck,00:00:00,TFL
788,6,6,frog,frog,00:00:00,TFL
789,8,8,ship,ship,00:00:00,TFL
790,3,3,cat,cat,00:00:00,TFL
791,0,0,airplane,airplane,00:00:00,TFL
792,3,0,cat,airplane,00:00:00,TFL
793,4,5,deer,dog,00:00:00,TFL
794,7,7,horse,horse,00:00:00,TFL
795,7,7,horse,horse,00:00:00,TFL
796,1,4,automobile,deer,00:00:00,TFL
797,4,4,deer,deer,00:00:00,TFL
798,7,7,horse,horse,00:00:00,TFL
799,2,6,bird,frog,00:00:00,TFL
800,7,7,horse,horse,00:00:00,TFL
801,1,1,automobile,automobile,00:00:00,TFL
802,4,2,deer,bird,00:00:00,TFL
803,7,7,horse,horse,00:00:00,TFL
804,4,4,deer,deer,00:00:00,TFL
805,4,4,deer,deer,00:00:00,TFL
806,8,0,ship,airplane,00:00:00,TFL
807,4,4,deer,deer,00:00:00,TFL
808,7,7,horse,horse,00:00:00,TFL
809,7,7,horse,horse,00:00:00,TFL
810,5,2,dog,bird,00:00:00,TFL
811,3,5,cat,dog,00:00:00,TFL
812,7,7,horse,horse,00:00:00,TFL
813,2,2,bird,bird,00:00:00,TFL
814,0,9,airplane,truck,00:00:00,TFL
815,8,8,ship,ship,00:00:00,TFL
816,9,9,truck,truck,00:00:00,TFL
817,5,5,dog,dog,00:00:00,TFL
818,8,0,ship,airplane,00:00:00,TFL
819,3,3,cat,cat,00:00:00,TFL
820,6,6,frog,frog,00:00:00,TFL
821,2,2,bird,bird,00:00:00,TFL
822,0,0,airplane,airplane,00:00:00,TFL
823,8,8,ship,ship,00:00:00,TFL
824,7,7,horse,horse,00:00:00,TFL
825,3,3,cat,cat,00:00:00,TFL
826,7,7,horse,horse,00:00:00,TFL
827,6,6,frog,frog,00:00:00,TFL
828,5,4,dog,deer,00:00:00,TFL
829,3,3,cat,cat,00:00:00,TFL
830,1,1,automobile,automobile,00:00:00,TFL
831,3,3,cat,cat,00:00:00,TFL
832,2,2,bird,bird,00:00:00,TFL
833,2,2,bird,bird,00:00:00,TFL
834,5,5,dog,dog,00:00:00,TFL
835,4,4,deer,deer,00:00:00,TFL
836,1,1,automobile,automobile,00:00:00,TFL
837,2,2,bird,bird,00:00:00,TFL
838,9,9,truck,truck,00:00:00,TFL
839,2,2,bird,bird,00:00:00,TFL
840,7,7,horse,horse,00:00:00,TFL
841,0,0,airplane,airplane,00:00:00,TFL
842,7,7,horse,horse,00:00:00,TFL
843,2,2,bird,bird,00:00:00,TFL
844,1,1,automobile,automobile,00:00:00,TFL
845,3,0,cat,airplane,00:00:00,TFL
846,2,2,bird,bird,00:00:00,TFL
847,0,0,airplane,airplane,00:00:00,TFL
848,2,2,bird,bird,00:00:00,TFL
849,4,4,deer,deer,00:00:00,TFL
850,7,7,horse,horse,00:00:00,TFL
851,9,9,truck,truck,00:00:00,TFL
852,8,8,ship,ship,00:00:00,TFL
853,9,1,truck,automobile,00:00:00,TFL
854,0,0,airplane,airplane,00:00:00,TFL
855,7,7,horse,horse,00:00:00,TFL
856,7,7,horse,horse,00:00:00,TFL
857,0,0,airplane,airplane,00:00:00,TFL
858,7,7,horse,horse,00:00:00,TFL
859,8,8,ship,ship,00:00:00,TFL
860,4,4,deer,deer,00:00:00,TFL
861,6,6,frog,frog,00:00:00,TFL
862,3,6,cat,frog,00:00:00,TFL
863,3,3,cat,cat,00:00:00,TFL
864,0,0,airplane,airplane,00:00:00,TFL
865,1,1,automobile,automobile,00:00:00,TFL
866,3,5,cat,dog,00:00:00,TFL
867,7,7,horse,horse,00:00:00,TFL
868,0,0,airplane,airplane,00:00:00,TFL
869,1,1,automobile,automobile,00:00:00,TFL
870,3,3,cat,cat,00:00:00,TFL
871,1,1,automobile,automobile,00:00:00,TFL
872,4,4,deer,deer,00:00:00,TFL
873,2,2,bird,bird,00:00:00,TFL
874,3,3,cat,cat,00:00:00,TFL
875,8,8,ship,ship,00:00:00,TFL
876,4,4,deer,deer,00:00:00,TFL
877,2,5,bird,dog,00:00:00,TFL
878,3,3,cat,cat,00:00:00,TFL
879,7,7,horse,horse,00:00:00,TFL
880,8,8,ship,ship,00:00:00,TFL
881,4,4,deer,deer,00:00:00,TFL
882,3,0,cat,airplane,00:00:00,TFL
883,0,0,airplane,airplane,00:00:00,TFL
884,9,9,truck,truck,00:00:00,TFL
885,0,0,airplane,airplane,00:00:00,TFL
886,0,0,airplane,airplane,00:00:00,TFL
887,1,1,automobile,automobile,00:00:00,TFL
888,0,8,airplane,ship,00:00:00,TFL
889,4,4,deer,deer,00:00:00,TFL
890,4,4,deer,deer,00:00:00,TFL
891,6,6,frog,frog,00:00:00,TFL
892,7,7,horse,horse,00:00:00,TFL
893,6,7,frog,horse,00:00:00,TFL
894,1,1,automobile,automobile,00:00:00,TFL
895,1,9,automobile,truck,00:00:00,TFL
896,3,3,cat,cat,00:00:00,TFL
897,7,7,horse,horse,00:00:00,TFL
898,3,7,cat,horse,00:00:00,TFL
899,5,5,dog,dog,00:00:00,TFL
900,2,4,bird,deer,00:00:00,TFL
901,6,6,frog,frog,00:00:00,TFL
902,6,6,frog,frog,00:00:00,TFL
903,5,5,dog,dog,00:00:00,TFL
904,8,8,ship,ship,00:00:00,TFL
905,7,7,horse,horse,00:00:00,TFL
906,1,1,automobile,automobile,00:00:00,TFL
907,6,6,frog,frog,00:00:00,TFL
908,8,8,ship,ship,00:00:00,TFL
909,8,8,ship,ship,00:00:00,TFL
910,5,5,dog,dog,00:00:00,TFL
911,3,3,cat,cat,00:00:00,TFL
912,0,2,airplane,bird,00:00:00,TFL
913,4,4,deer,deer,00:00:00,TFL
914,0,0,airplane,airplane,00:00:00,TFL
915,1,1,automobile,automobile,00:00:00,TFL
916,3,4,cat,deer,00:00:00,TFL
917,8,8,ship,ship,00:00:00,TFL
918,8,8,ship,ship,00:00:00,TFL
919,0,0,airplane,airplane,00:00:00,TFL
920,6,6,frog,frog,00:00:00,TFL
921,9,9,truck,truck,00:00:00,TFL
922,9,9,truck,truck,00:00:00,TFL
923,9,3,truck,cat,00:00:00,TFL
924,5,5,dog,dog,00:00:00,TFL
925,5,3,dog,cat,00:00:00,TFL
926,8,8,ship,ship,00:00:00,TFL
927,6,6,frog,frog,00:00:00,TFL
928,0,0,airplane,airplane,00:00:00,TFL
929,0,0,airplane,airplane,00:00:00,TFL
930,4,4,deer,deer,00:00:00,TFL
931,2,2,bird,bird,00:00:00,TFL
932,3,3,cat,cat,00:00:00,TFL
933,2,7,bird,horse,00:00:00,TFL
934,7,7,horse,horse,00:00:00,TFL
935,2,2,bird,bird,00:00:00,TFL
936,2,2,bird,bird,00:00:00,TFL
937,5,5,dog,dog,00:00:00,TFL
938,9,9,truck,truck,00:00:00,TFL
939,8,8,ship,ship,00:00:00,TFL
940,9,9,truck,truck,00:00:00,TFL
941,1,1,automobile,automobile,00:00:00,TFL
942,7,7,horse,horse,00:00:00,TFL
943,4,6,deer,frog,00:00:00,TFL
944,0,0,airplane,airplane,00:00:00,TFL
945,3,3,cat,cat,00:00:00,TFL
946,0,0,airplane,airplane,00:00:00,TFL
947,1,1,automobile,automobile,00:00:00,TFL
948,3,4,cat,deer,00:00:00,TFL
949,8,8,ship,ship,00:00:00,TFL
950,3,5,cat,dog,00:00:00,TFL
951,9,9,truck,truck,00:00:00,TFL
952,6,6,frog,frog,00:00:00,TFL
953,1,1,automobile,automobile,00:00:00,TFL
954,4,4,deer,deer,00:00:00,TFL
955,7,7,horse,horse,00:00:00,TFL
956,0,0,airplane,airplane,00:00:00,TFL
957,3,6,cat,frog,00:00:00,TFL
958,7,7,horse,horse,00:00:00,TFL
959,8,8,ship,ship,00:00:00,TFL
960,9,9,truck,truck,00:00:00,TFL
961,1,1,automobile,automobile,00:00:00,TFL
962,1,1,automobile,automobile,00:00:00,TFL
963,6,6,frog,frog,00:00:00,TFL
964,6,6,frog,frog,00:00:00,TFL
965,6,3,frog,cat,00:00:00,TFL
966,6,6,frog,frog,00:00:00,TFL
967,9,8,truck,ship,00:00:00,TFL
968,1,1,automobile,automobile,00:00:00,TFL
969,9,9,truck,truck,00:00:00,TFL
970,9,9,truck,truck,00:00:00,TFL
971,4,4,deer,deer,00:00:00,TFL
972,2,6,bird,frog,00:00:00,TFL
973,1,1,automobile,automobile,00:00:00,TFL
974,7,7,horse,horse,00:00:00,TFL
975,0,0,airplane,airplane,00:00:00,TFL
976,6,6,frog,frog,00:00:00,TFL
977,8,8,ship,ship,00:00:00,TFL
978,1,1,automobile,automobile,00:00:00,TFL
979,9,9,truck,truck,00:00:00,TFL
980,2,2,bird,bird,00:00:00,TFL
981,9,9,truck,truck,00:00:00,TFL
982,0,2,airplane,bird,00:00:00,TFL
983,4,4,deer,deer,00:00:00,TFL
984,7,7,horse,horse,00:00:00,TFL
985,8,8,ship,ship,00:00:00,TFL
986,3,3,cat,cat,00:00:00,TFL
987,1,1,automobile,automobile,00:00:00,TFL
988,2,2,bird,bird,00:00:00,TFL
989,0,0,airplane,airplane,00:00:00,TFL
990,1,1,automobile,automobile,00:00:00,TFL
991,5,5,dog,dog,00:00:00,TFL
992,8,8,ship,ship,00:00:00,TFL
993,4,7,deer,horse,00:00:00,TFL
994,6,3,frog,cat,00:00:00,TFL
995,3,3,cat,cat,00:00:00,TFL
996,8,8,ship,ship,00:00:00,TFL
997,1,9,automobile,truck,00:00:00,TFL
998,3,3,cat,cat,00:00:00,TFL
999,8,8,ship,ship,00:00:00,TFL
1000,5,5,dog,dog,00:00:00,TFL
1001,0,0,airplane,airplane,00:00:00,TFL
1002,8,8,ship,ship,00:00:00,TFL
1003,4,4,deer,deer,00:00:00,TFL
1004,8,8,ship,ship,00:00:00,TFL
1005,1,1,automobile,automobile,00:00:00,TFL
1006,1,1,automobile,automobile,00:00:00,TFL
1007,8,8,ship,ship,00:00:00,TFL
1008,9,9,truck,truck,00:00:00,TFL
1009,6,6,frog,frog,00:00:00,TFL
1010,0,0,airplane,airplane,00:00:00,TFL
1011,8,8,ship,ship,00:00:00,TFL
1012,6,6,frog,frog,00:00:00,TFL
1013,1,1,automobile,automobile,00:00:00,TFL
1014,3,3,cat,cat,00:00:00,TFL
1015,4,4,deer,deer,00:00:00,TFL
1016,1,1,automobile,automobile,00:00:00,TFL
1017,6,6,frog,frog,00:00:00,TFL
1018,0,0,airplane,airplane,00:00:00,TFL
1019,5,5,dog,dog,00:00:00,TFL
1020,1,1,automobile,automobile,00:00:00,TFL
1021,1,1,automobile,automobile,00:00:00,TFL
1022,0,0,airplane,airplane,00:00:00,TFL
1023,0,0,airplane,airplane,00:00:00,TFL
1024,3,3,cat,cat,00:00:00,TFL
1025,5,5,dog,dog,00:00:00,TFL
1026,0,0,airplane,airplane,00:00:00,TFL
1027,0,0,airplane,airplane,00:00:00,TFL
1028,6,6,frog,frog,00:00:00,TFL
1029,6,6,frog,frog,00:00:00,TFL
1030,3,3,cat,cat,00:00:00,TFL
1031,3,3,cat,cat,00:00:00,TFL
1032,6,2,frog,bird,00:00:00,TFL
1033,3,3,cat,cat,00:00:00,TFL
1034,6,5,frog,dog,00:00:00,TFL
1035,6,4,frog,deer,00:00:00,TFL
1036,0,4,airplane,deer,00:00:00,TFL
1037,7,7,horse,horse,00:00:00,TFL
1038,2,2,bird,bird,00:00:00,TFL
1039,2,2,bird,bird,00:00:00,TFL
1040,7,5,horse,dog,00:00:00,TFL
1041,5,5,dog,dog,00:00:00,TFL
1042,5,5,dog,dog,00:00:00,TFL
1043,2,4,bird,deer,00:00:00,TFL
1044,8,8,ship,ship,00:00:00,TFL
1045,5,5,dog,dog,00:00:00,TFL
1046,2,2,bird,bird,00:00:00,TFL
1047,1,1,automobile,automobile,00:00:00,TFL
1048,1,1,automobile,automobile,00:00:00,TFL
1049,4,1,deer,automobile,00:00:00,TFL
1050,3,0,cat,airplane,00:00:00,TFL
1051,2,2,bird,bird,00:00:00,TFL
1052,0,0,airplane,airplane,00:00:00,TFL
1053,3,5,cat,dog,00:00:00,TFL
1054,1,1,automobile,automobile,00:00:00,TFL
1055,5,5,dog,dog,00:00:00,TFL
1056,3,3,cat,cat,00:00:00,TFL
1057,7,7,horse,horse,00:00:00,TFL
1058,6,6,frog,frog,00:00:00,TFL
1059,8,8,ship,ship,00:00:00,TFL
1060,9,9,truck,truck,00:00:00,TFL
1061,1,1,automobile,automobile,00:00:00,TFL
1062,6,6,frog,frog,00:00:00,TFL
1063,4,4,deer,deer,00:00:00,TFL
1064,9,9,truck,truck,00:00:00,TFL
1065,3,8,cat,ship,00:00:00,TFL
1066,9,9,truck,truck,00:00:00,TFL
1067,0,0,airplane,airplane,00:00:00,TFL
1068,9,9,truck,truck,00:00:00,TFL
1069,6,6,frog,frog,00:00:00,TFL
1070,3,3,cat,cat,00:00:00,TFL
1071,6,6,frog,frog,00:00:00,TFL
1072,0,8,airplane,ship,00:00:00,TFL
1073,7,7,horse,horse,00:00:00,TFL
1074,3,3,cat,cat,00:00:00,TFL
1075,8,8,ship,ship,00:00:00,TFL
1076,0,0,airplane,airplane,00:00:00,TFL
1077,0,0,airplane,airplane,00:00:00,TFL
1078,0,0,airplane,airplane,00:00:00,TFL
1079,6,6,frog,frog,00:00:00,TFL
1080,6,6,frog,frog,00:00:00,TFL
1081,6,6,frog,frog,00:00:00,TFL
1082,9,9,truck,truck,00:00:00,TFL
1083,2,2,bird,bird,00:00:00,TFL
1084,5,5,dog,dog,00:00:00,TFL
1085,4,4,deer,deer,00:00:00,TFL
1086,4,4,deer,deer,00:00:00,TFL
1087,6,6,frog,frog,00:00:00,TFL
1088,3,5,cat,dog,00:00:00,TFL
1089,6,6,frog,frog,00:00:00,TFL
1090,0,0,airplane,airplane,00:00:00,TFL
1091,8,8,ship,ship,00:00:00,TFL
1092,6,6,frog,frog,00:00:00,TFL
1093,0,0,airplane,airplane,00:00:00,TFL
1094,6,6,frog,frog,00:00:00,TFL
1095,2,6,bird,frog,00:00:00,TFL
1096,7,7,horse,horse,00:00:00,TFL
1097,5,5,dog,dog,00:00:00,TFL
1098,1,1,automobile,automobile,00:00:00,TFL
1099,2,2,bird,bird,00:00:00,TFL
1100,7,7,horse,horse,00:00:00,TFL
1101,8,8,ship,ship,00:00:00,TFL
1102,8,8,ship,ship,00:00:00,TFL
1103,0,0,airplane,airplane,00:00:00,TFL
1104,9,9,truck,truck,00:00:00,TFL
1105,4,4,deer,deer,00:00:00,TFL
1106,9,9,truck,truck,00:00:00,TFL
1107,7,7,horse,horse,00:00:00,TFL
1108,2,2,bird,bird,00:00:00,TFL
1109,0,0,airplane,airplane,00:00:00,TFL
1110,2,2,bird,bird,00:00:00,TFL
1111,8,8,ship,ship,00:00:00,TFL
1112,3,4,cat,deer,00:00:00,TFL
1113,8,8,ship,ship,00:00:00,TFL
1114,9,9,truck,truck,00:00:00,TFL
1115,1,1,automobile,automobile,00:00:00,TFL
1116,5,5,dog,dog,00:00:00,TFL
1117,5,5,dog,dog,00:00:00,TFL
1118,4,7,deer,horse,00:00:00,TFL
1119,7,7,horse,horse,00:00:00,TFL
1120,5,5,dog,dog,00:00:00,TFL
1121,3,3,cat,cat,00:00:00,TFL
1122,8,8,ship,ship,00:00:00,TFL
1123,3,3,cat,cat,00:00:00,TFL
1124,3,3,cat,cat,00:00:00,TFL
1125,6,6,frog,frog,00:00:00,TFL
1126,2,0,bird,airplane,00:00:00,TFL
1127,8,8,ship,ship,00:00:00,TFL
1128,4,4,deer,deer,00:00:00,TFL
1129,3,3,cat,cat,00:00:00,TFL
1130,7,7,horse,horse,00:00:00,TFL
1131,1,9,automobile,truck,00:00:00,TFL
1132,2,3,bird,cat,00:00:00,TFL
1133,4,4,deer,deer,00:00:00,TFL
1134,1,1,automobile,automobile,00:00:00,TFL
1135,6,6,frog,frog,00:00:00,TFL
1136,9,9,truck,truck,00:00:00,TFL
1137,0,3,airplane,cat,00:00:00,TFL
1138,5,5,dog,dog,00:00:00,TFL
1139,8,8,ship,ship,00:00:00,TFL
1140,6,6,frog,frog,00:00:00,TFL
1141,1,1,automobile,automobile,00:00:00,TFL
1142,8,8,ship,ship,00:00:00,TFL
1143,6,6,frog,frog,00:00:00,TFL
1144,1,1,automobile,automobile,00:00:00,TFL
1145,4,4,deer,deer,00:00:00,TFL
1146,2,2,bird,bird,00:00:00,TFL
1147,6,0,frog,airplane,00:00:00,TFL
1148,2,2,bird,bird,00:00:00,TFL
1149,7,7,horse,horse,00:00:00,TFL
1150,2,4,bird,deer,00:00:00,TFL
1151,2,2,bird,bird,00:00:00,TFL
1152,0,0,airplane,airplane,00:00:00,TFL
1153,8,8,ship,ship,00:00:00,TFL
1154,6,6,frog,frog,00:00:00,TFL
1155,9,9,truck,truck,00:00:00,TFL
1156,1,1,automobile,automobile,00:00:00,TFL
1157,7,7,horse,horse,00:00:00,TFL
1158,1,1,automobile,automobile,00:00:00,TFL
1159,8,8,ship,ship,00:00:00,TFL
1160,8,8,ship,ship,00:00:00,TFL
1161,0,0,airplane,airplane,00:00:00,TFL
1162,7,7,horse,horse,00:00:00,TFL
1163,3,2,cat,bird,00:00:00,TFL
1164,8,8,ship,ship,00:00:00,TFL
1165,0,0,airplane,airplane,00:00:00,TFL
1166,3,3,cat,cat,00:00:00,TFL
1167,4,3,deer,cat,00:00:00,TFL
1168,3,3,cat,cat,00:00:00,TFL
1169,7,7,horse,horse,00:00:00,TFL
1170,7,7,horse,horse,00:00:00,TFL
1171,9,9,truck,truck,00:00:00,TFL
1172,2,2,bird,bird,00:00:00,TFL
1173,3,3,cat,cat,00:00:00,TFL
1174,1,1,automobile,automobile,00:00:00,TFL
1175,9,9,truck,truck,00:00:00,TFL
1176,1,1,automobile,automobile,00:00:00,TFL
1177,9,1,truck,automobile,00:00:00,TFL
1178,6,2,frog,bird,00:00:00,TFL
1179,3,3,cat,cat,00:00:00,TFL
1180,3,3,cat,cat,00:00:00,TFL
1181,3,3,cat,cat,00:00:00,TFL
1182,1,1,automobile,automobile,00:00:00,TFL
1183,0,0,airplane,airplane,00:00:00,TFL
1184,6,6,frog,frog,00:00:00,TFL
1185,1,1,automobile,automobile,00:00:00,TFL
1186,4,4,deer,deer,00:00:00,TFL
1187,1,1,automobile,automobile,00:00:00,TFL
1188,0,0,airplane,airplane,00:00:00,TFL
1189,0,0,airplane,airplane,00:00:00,TFL
1190,1,1,automobile,automobile,00:00:00,TFL
1191,1,1,automobile,automobile,00:00:00,TFL
1192,6,6,frog,frog,00:00:00,TFL
1193,5,2,dog,bird,00:00:00,TFL
1194,4,4,deer,deer,00:00:00,TFL
1195,6,6,frog,frog,00:00:00,TFL
1196,2,2,bird,bird,00:00:00,TFL
1197,0,0,airplane,airplane,00:00:00,TFL
1198,7,7,horse,horse,00:00:00,TFL
1199,9,9,truck,truck,00:00:00,TFL
1200,8,8,ship,ship,00:00:00,TFL
1201,7,7,horse,horse,00:00:00,TFL
1202,2,2,bird,bird,00:00:00,TFL
1203,0,0,airplane,airplane,00:00:00,TFL
1204,6,6,frog,frog,00:00:00,TFL
1205,8,8,ship,ship,00:00:00,TFL
1206,1,1,automobile,automobile,00:00:00,TFL
1207,4,4,deer,deer,00:00:00,TFL
1208,3,9,cat,truck,00:00:00,TFL
1209,7,7,horse,horse,00:00:00,TFL
1210,0,0,airplane,airplane,00:00:00,TFL
1211,6,6,frog,frog,00:00:00,TFL
1212,1,1,automobile,automobile,00:00:00,TFL
1213,8,8,ship,ship,00:00:00,TFL
1214,5,5,dog,dog,00:00:00,TFL
1215,7,7,horse,horse,00:00:00,TFL
1216,8,8,ship,ship,00:00:00,TFL
1217,4,4,deer,deer,00:00:00,TFL
1218,8,8,ship,ship,00:00:00,TFL
1219,3,5,cat,dog,00:00:00,TFL
1220,9,9,truck,truck,00:00:00,TFL
1221,9,9,truck,truck,00:00:00,TFL
1222,9,1,truck,automobile,00:00:00,TFL
1223,8,8,ship,ship,00:00:00,TFL
1224,7,4,horse,deer,00:00:00,TFL
1225,6,6,frog,frog,00:00:00,TFL
1226,6,6,frog,frog,00:00:00,TFL
1227,3,3,cat,cat,00:00:00,TFL
1228,5,2,dog,bird,00:00:00,TFL
1229,1,1,automobile,automobile,00:00:00,TFL
1230,5,3,dog,cat,00:00:00,TFL
1231,9,9,truck,truck,00:00:00,TFL
1232,1,1,automobile,automobile,00:00:00,TFL
1233,4,4,deer,deer,00:00:00,TFL
1234,1,1,automobile,automobile,00:00:00,TFL
1235,5,5,dog,dog,00:00:00,TFL
1236,7,5,horse,dog,00:00:00,TFL
1237,0,0,airplane,airplane,00:00:00,TFL
1238,1,1,automobile,automobile,00:00:00,TFL
1239,5,5,dog,dog,00:00:00,TFL
1240,2,2,bird,bird,00:00:00,TFL
1241,0,0,airplane,airplane,00:00:00,TFL
1242,8,8,ship,ship,00:00:00,TFL
1243,8,8,ship,ship,00:00:00,TFL
1244,5,5,dog,dog,00:00:00,TFL
1245,6,6,frog,frog,00:00:00,TFL
1246,7,7,horse,horse,00:00:00,TFL
1247,3,4,cat,deer,00:00:00,TFL
1248,2,2,bird,bird,00:00:00,TFL
1249,4,4,deer,deer,00:00:00,TFL
1250,7,7,horse,horse,00:00:00,TFL
1251,2,2,bird,bird,00:00:00,TFL
1252,5,5,dog,dog,00:00:00,TFL
1253,8,8,ship,ship,00:00:00,TFL
1254,2,2,bird,bird,00:00:00,TFL
1255,4,4,deer,deer,00:00:00,TFL
1256,9,9,truck,truck,00:00:00,TFL
1257,2,2,bird,bird,00:00:00,TFL
1258,1,1,automobile,automobile,00:00:00,TFL
1259,8,8,ship,ship,00:00:00,TFL
1260,1,1,automobile,automobile,00:00:00,TFL
1261,9,0,truck,airplane,00:00:00,TFL
1262,8,8,ship,ship,00:00:00,TFL
1263,8,0,ship,airplane,00:00:00,TFL
1264,8,8,ship,ship,00:00:00,TFL
1265,9,1,truck,automobile,00:00:00,TFL
1266,0,0,airplane,airplane,00:00:00,TFL
1267,4,4,deer,deer,00:00:00,TFL
1268,3,3,cat,cat,00:00:00,TFL
1269,3,3,cat,cat,00:00:00,TFL
1270,1,1,automobile,automobile,00:00:00,TFL
1271,8,8,ship,ship,00:00:00,TFL
1272,4,7,deer,horse,00:00:00,TFL
1273,6,6,frog,frog,00:00:00,TFL
1274,3,3,cat,cat,00:00:00,TFL
1275,3,3,cat,cat,00:00:00,TFL
1276,5,5,dog,dog,00:00:00,TFL
1277,2,6,bird,frog,00:00:00,TFL
1278,2,2,bird,bird,00:00:00,TFL
1279,8,8,ship,ship,00:00:00,TFL
1280,3,5,cat,dog,00:00:00,TFL
1281,8,8,ship,ship,00:00:00,TFL
1282,9,9,truck,truck,00:00:00,TFL
1283,5,5,dog,dog,00:00:00,TFL
1284,8,8,ship,ship,00:00:00,TFL
1285,9,9,truck,truck,00:00:00,TFL
1286,8,8,ship,ship,00:00:00,TFL
1287,9,9,truck,truck,00:00:00,TFL
1288,1,1,automobile,automobile,00:00:00,TFL
1289,6,6,frog,frog,00:00:00,TFL
1290,5,5,dog,dog,00:00:00,TFL
1291,9,9,truck,truck,00:00:00,TFL
1292,4,4,deer,deer,00:00:00,TFL
1293,4,4,deer,deer,00:00:00,TFL
1294,8,8,ship,ship,00:00:00,TFL
1295,0,0,airplane,airplane,00:00:00,TFL
1296,7,7,horse,horse,00:00:00,TFL
1297,2,2,bird,bird,00:00:00,TFL
1298,9,9,truck,truck,00:00:00,TFL
1299,7,7,horse,horse,00:00:00,TFL
1300,4,4,deer,deer,00:00:00,TFL
1301,1,1,automobile,automobile,00:00:00,TFL
1302,6,6,frog,frog,00:00:00,TFL
1303,4,4,deer,deer,00:00:00,TFL
1304,4,0,deer,airplane,00:00:00,TFL
1305,9,9,truck,truck,00:00:00,TFL
1306,1,9,automobile,truck,00:00:00,TFL
1307,2,2,bird,bird,00:00:00,TFL
1308,5,3,dog,cat,00:00:00,TFL
1309,6,6,frog,frog,00:00:00,TFL
1310,0,0,airplane,airplane,00:00:00,TFL
1311,8,8,ship,ship,00:00:00,TFL
1312,6,6,frog,frog,00:00:00,TFL
1313,1,1,automobile,automobile,00:00:00,TFL
1314,9,9,truck,truck,00:00:00,TFL
1315,4,2,deer,bird,00:00:00,TFL
1316,5,5,dog,dog,00:00:00,TFL
1317,9,9,truck,truck,00:00:00,TFL
1318,5,5,dog,dog,00:00:00,TFL
1319,0,0,airplane,airplane,00:00:00,TFL
1320,7,7,horse,horse,00:00:00,TFL
1321,2,2,bird,bird,00:00:00,TFL
1322,0,0,airplane,airplane,00:00:00,TFL
1323,0,0,airplane,airplane,00:00:00,TFL
1324,4,4,deer,deer,00:00:00,TFL
1325,2,4,bird,deer,00:00:00,TFL
1326,6,6,frog,frog,00:00:00,TFL
1327,6,6,frog,frog,00:00:00,TFL
1328,5,5,dog,dog,00:00:00,TFL
1329,5,7,dog,horse,00:00:00,TFL
1330,2,2,bird,bird,00:00:00,TFL
1331,8,8,ship,ship,00:00:00,TFL
1332,1,1,automobile,automobile,00:00:00,TFL
1333,7,7,horse,horse,00:00:00,TFL
1334,3,2,cat,bird,00:00:00,TFL
1335,1,1,automobile,automobile,00:00:00,TFL
1336,4,4,deer,deer,00:00:00,TFL
1337,5,5,dog,dog,00:00:00,TFL
1338,6,6,frog,frog,00:00:00,TFL
1339,5,3,dog,cat,00:00:00,TFL
1340,1,1,automobile,automobile,00:00:00,TFL
1341,4,4,deer,deer,00:00:00,TFL
1342,7,7,horse,horse,00:00:00,TFL
1343,0,0,airplane,airplane,00:00:00,TFL
1344,9,9,truck,truck,00:00:00,TFL
1345,4,4,deer,deer,00:00:00,TFL
1346,3,7,cat,horse,00:00:00,TFL
1347,8,8,ship,ship,00:00:00,TFL
1348,2,3,bird,cat,00:00:00,TFL
1349,8,8,ship,ship,00:00:00,TFL
1350,4,4,deer,deer,00:00:00,TFL
1351,7,7,horse,horse,00:00:00,TFL
1352,2,2,bird,bird,00:00:00,TFL
1353,3,4,cat,deer,00:00:00,TFL
1354,1,1,automobile,automobile,00:00:00,TFL
1355,5,3,dog,cat,00:00:00,TFL
1356,2,7,bird,horse,00:00:00,TFL
1357,9,9,truck,truck,00:00:00,TFL
1358,8,8,ship,ship,00:00:00,TFL
1359,9,9,truck,truck,00:00:00,TFL
1360,7,7,horse,horse,00:00:00,TFL
1361,9,9,truck,truck,00:00:00,TFL
1362,5,5,dog,dog,00:00:00,TFL
1363,1,1,automobile,automobile,00:00:00,TFL
1364,4,4,deer,deer,00:00:00,TFL
1365,0,0,airplane,airplane,00:00:00,TFL
1366,8,8,ship,ship,00:00:00,TFL
1367,2,2,bird,bird,00:00:00,TFL
1368,3,7,cat,horse,00:00:00,TFL
1369,8,8,ship,ship,00:00:00,TFL
1370,9,9,truck,truck,00:00:00,TFL
1371,1,1,automobile,automobile,00:00:00,TFL
1372,1,9,automobile,truck,00:00:00,TFL
1373,3,3,cat,cat,00:00:00,TFL
1374,2,2,bird,bird,00:00:00,TFL
1375,4,4,deer,deer,00:00:00,TFL
1376,9,9,truck,truck,00:00:00,TFL
1377,3,5,cat,dog,00:00:00,TFL
1378,1,1,automobile,automobile,00:00:00,TFL
1379,7,7,horse,horse,00:00:00,TFL
1380,4,3,deer,cat,00:00:00,TFL
1381,6,6,frog,frog,00:00:00,TFL
1382,2,2,bird,bird,00:00:00,TFL
1383,8,8,ship,ship,00:00:00,TFL
1384,9,9,truck,truck,00:00:00,TFL
1385,5,5,dog,dog,00:00:00,TFL
1386,3,3,cat,cat,00:00:00,TFL
1387,9,9,truck,truck,00:00:00,TFL
1388,5,5,dog,dog,00:00:00,TFL
1389,5,5,dog,dog,00:00:00,TFL
1390,6,6,frog,frog,00:00:00,TFL
1391,7,5,horse,dog,00:00:00,TFL
1392,2,2,bird,bird,00:00:00,TFL
1393,4,4,deer,deer,00:00:00,TFL
1394,6,5,frog,dog,00:00:00,TFL
1395,3,3,cat,cat,00:00:00,TFL
1396,1,1,automobile,automobile,00:00:00,TFL
1397,0,0,airplane,airplane,00:00:00,TFL
1398,7,7,horse,horse,00:00:00,TFL
1399,2,0,bird,airplane,00:00:00,TFL
1400,5,5,dog,dog,00:00:00,TFL
1401,4,4,deer,deer,00:00:00,TFL
1402,7,7,horse,horse,00:00:00,TFL
1403,6,6,frog,frog,00:00:00,TFL
1404,1,1,automobile,automobile,00:00:00,TFL
1405,1,1,automobile,automobile,00:00:00,TFL
1406,9,9,truck,truck,00:00:00,TFL
1407,8,8,ship,ship,00:00:00,TFL
1408,1,1,automobile,automobile,00:00:00,TFL
1409,0,0,airplane,airplane,00:00:00,TFL
1410,1,1,automobile,automobile,00:00:00,TFL
1411,3,3,cat,cat,00:00:00,TFL
1412,1,1,automobile,automobile,00:00:00,TFL
1413,1,1,automobile,automobile,00:00:00,TFL
1414,1,1,automobile,automobile,00:00:00,TFL
1415,7,7,horse,horse,00:00:00,TFL
1416,3,3,cat,cat,00:00:00,TFL
1417,9,9,truck,truck,00:00:00,TFL
1418,6,6,frog,frog,00:00:00,TFL
1419,8,8,ship,ship,00:00:00,TFL
1420,4,4,deer,deer,00:00:00,TFL
1421,6,6,frog,frog,00:00:00,TFL
1422,8,8,ship,ship,00:00:00,TFL
1423,4,4,deer,deer,00:00:00,TFL
1424,9,9,truck,truck,00:00:00,TFL
1425,4,3,deer,cat,00:00:00,TFL
1426,7,7,horse,horse,00:00:00,TFL
1427,9,9,truck,truck,00:00:00,TFL
1428,7,7,horse,horse,00:00:00,TFL
1429,6,6,frog,frog,00:00:00,TFL
1430,8,8,ship,ship,00:00:00,TFL
1431,4,4,deer,deer,00:00:00,TFL
1432,9,9,truck,truck,00:00:00,TFL
1433,7,7,horse,horse,00:00:00,TFL
1434,0,0,airplane,airplane,00:00:00,TFL
1435,1,1,automobile,automobile,00:00:00,TFL
1436,6,6,frog,frog,00:00:00,TFL
1437,1,1,automobile,automobile,00:00:00,TFL
1438,5,5,dog,dog,00:00:00,TFL
1439,9,9,truck,truck,00:00:00,TFL
1440,0,2,airplane,bird,00:00:00,TFL
1441,4,4,deer,deer,00:00:00,TFL
1442,3,3,cat,cat,00:00:00,TFL
1443,4,4,deer,deer,00:00:00,TFL
1444,1,1,automobile,automobile,00:00:00,TFL
1445,3,4,cat,deer,00:00:00,TFL
1446,0,0,airplane,airplane,00:00:00,TFL
1447,8,8,ship,ship,00:00:00,TFL
1448,4,4,deer,deer,00:00:00,TFL
1449,6,6,frog,frog,00:00:00,TFL
1450,2,2,bird,bird,00:00:00,TFL
1451,2,2,bird,bird,00:00:00,TFL
1452,6,6,frog,frog,00:00:00,TFL
1453,5,5,dog,dog,00:00:00,TFL
1454,3,3,cat,cat,00:00:00,TFL
1455,6,6,frog,frog,00:00:00,TFL
1456,2,4,bird,deer,00:00:00,TFL
1457,1,1,automobile,automobile,00:00:00,TFL
1458,1,1,automobile,automobile,00:00:00,TFL
1459,8,8,ship,ship,00:00:00,TFL
1460,6,6,frog,frog,00:00:00,TFL
1461,0,0,airplane,airplane,00:00:00,TFL
1462,4,4,deer,deer,00:00:00,TFL
1463,0,0,airplane,airplane,00:00:00,TFL
1464,1,1,automobile,automobile,00:00:00,TFL
1465,9,9,truck,truck,00:00:00,TFL
1466,7,7,horse,horse,00:00:00,TFL
1467,1,1,automobile,automobile,00:00:00,TFL
1468,3,3,cat,cat,00:00:00,TFL
1469,7,7,horse,horse,00:00:00,TFL
1470,7,7,horse,horse,00:00:00,TFL
1471,8,8,ship,ship,00:00:00,TFL
1472,7,7,horse,horse,00:00:00,TFL
1473,7,7,horse,horse,00:00:00,TFL
1474,3,3,cat,cat,00:00:00,TFL
1475,9,9,truck,truck,00:00:00,TFL
1476,7,7,horse,horse,00:00:00,TFL
1477,7,7,horse,horse,00:00:00,TFL
1478,7,7,horse,horse,00:00:00,TFL
1479,2,6,bird,frog,00:00:00,TFL
1480,1,1,automobile,automobile,00:00:00,TFL
1481,2,2,bird,bird,00:00:00,TFL
1482,8,8,ship,ship,00:00:00,TFL
1483,6,6,frog,frog,00:00:00,TFL
1484,4,4,deer,deer,00:00:00,TFL
1485,0,2,airplane,bird,00:00:00,TFL
1486,7,7,horse,horse,00:00:00,TFL
1487,9,9,truck,truck,00:00:00,TFL
1488,8,8,ship,ship,00:00:00,TFL
1489,6,6,frog,frog,00:00:00,TFL
1490,8,8,ship,ship,00:00:00,TFL
1491,4,3,deer,cat,00:00:00,TFL
1492,9,8,truck,ship,00:00:00,TFL
1493,1,1,automobile,automobile,00:00:00,TFL
1494,7,2,horse,bird,00:00:00,TFL
1495,2,0,bird,airplane,00:00:00,TFL
1496,2,2,bird,bird,00:00:00,TFL
1497,8,8,ship,ship,00:00:00,TFL
1498,5,3,dog,cat,00:00:00,TFL
1499,8,8,ship,ship,00:00:00,TFL
1500,1,1,automobile,automobile,00:00:00,TFL
1501,2,3,bird,cat,00:00:00,TFL
1502,2,2,bird,bird,00:00:00,TFL
1503,4,4,deer,deer,00:00:00,TFL
1504,1,1,automobile,automobile,00:00:00,TFL
1505,2,2,bird,bird,00:00:00,TFL
1506,5,7,dog,horse,00:00:00,TFL
1507,2,9,bird,truck,00:00:00,TFL
1508,8,8,ship,ship,00:00:00,TFL
1509,1,1,automobile,automobile,00:00:00,TFL
1510,8,8,ship,ship,00:00:00,TFL
1511,1,1,automobile,automobile,00:00:00,TFL
1512,8,8,ship,ship,00:00:00,TFL
1513,6,6,frog,frog,00:00:00,TFL
1514,0,0,airplane,airplane,00:00:00,TFL
1515,2,2,bird,bird,00:00:00,TFL
1516,4,4,deer,deer,00:00:00,TFL
1517,1,1,automobile,automobile,00:00:00,TFL
1518,3,3,cat,cat,00:00:00,TFL
1519,6,6,frog,frog,00:00:00,TFL
1520,7,7,horse,horse,00:00:00,TFL
1521,7,4,horse,deer,00:00:00,TFL
1522,4,4,deer,deer,00:00:00,TFL
1523,4,4,deer,deer,00:00:00,TFL
1524,3,3,cat,cat,00:00:00,TFL
1525,3,3,cat,cat,00:00:00,TFL
1526,4,4,deer,deer,00:00:00,TFL
1527,5,3,dog,cat,00:00:00,TFL
1528,2,2,bird,bird,00:00:00,TFL
1529,4,4,deer,deer,00:00:00,TFL
1530,3,3,cat,cat,00:00:00,TFL
1531,7,7,horse,horse,00:00:00,TFL
1532,8,8,ship,ship,00:00:00,TFL
1533,4,4,deer,deer,00:00:00,TFL
1534,4,4,deer,deer,00:00:00,TFL
1535,4,4,deer,deer,00:00:00,TFL
1536,5,3,dog,cat,00:00:00,TFL
1537,4,4,deer,deer,00:00:00,TFL
1538,3,2,cat,bird,00:00:00,TFL
1539,2,2,bird,bird,00:00:00,TFL
1540,8,8,ship,ship,00:00:00,TFL
1541,4,4,deer,deer,00:00:00,TFL
1542,5,5,dog,dog,00:00:00,TFL
1543,5,5,dog,dog,00:00:00,TFL
1544,4,4,deer,deer,00:00:00,TFL
1545,1,1,automobile,automobile,00:00:00,TFL
1546,4,4,deer,deer,00:00:00,TFL
1547,2,2,bird,bird,00:00:00,TFL
1548,5,3,dog,cat,00:00:00,TFL
1549,1,1,automobile,automobile,00:00:00,TFL
1550,6,6,frog,frog,00:00:00,TFL
1551,4,4,deer,deer,00:00:00,TFL
1552,3,5,cat,dog,00:00:00,TFL
1553,4,4,deer,deer,00:00:00,TFL
1554,4,4,deer,deer,00:00:00,TFL
1555,0,0,airplane,airplane,00:00:00,TFL
1556,8,8,ship,ship,00:00:00,TFL
1557,8,8,ship,ship,00:00:00,TFL
1558,4,4,deer,deer,00:00:00,TFL
1559,5,5,dog,dog,00:00:00,TFL
1560,7,7,horse,horse,00:00:00,TFL
1561,5,5,dog,dog,00:00:00,TFL
1562,6,6,frog,frog,00:00:00,TFL
1563,9,9,truck,truck,00:00:00,TFL
1564,1,1,automobile,automobile,00:00:00,TFL
1565,6,6,frog,frog,00:00:00,TFL
1566,7,7,horse,horse,00:00:00,TFL
1567,2,2,bird,bird,00:00:00,TFL
1568,0,0,airplane,airplane,00:00:00,TFL
1569,1,1,automobile,automobile,00:00:00,TFL
1570,4,7,deer,horse,00:00:00,TFL
1571,5,5,dog,dog,00:00:00,TFL
1572,6,3,frog,cat,00:00:00,TFL
1573,0,0,airplane,airplane,00:00:00,TFL
1574,0,0,airplane,airplane,00:00:00,TFL
1575,2,2,bird,bird,00:00:00,TFL
1576,7,4,horse,deer,00:00:00,TFL
1577,5,3,dog,cat,00:00:00,TFL
1578,6,6,frog,frog,00:00:00,TFL
1579,0,0,airplane,airplane,00:00:00,TFL
1580,6,0,frog,airplane,00:00:00,TFL
1581,2,2,bird,bird,00:00:00,TFL
1582,9,9,truck,truck,00:00:00,TFL
1583,1,1,automobile,automobile,00:00:00,TFL
1584,7,4,horse,deer,00:00:00,TFL
1585,7,7,horse,horse,00:00:00,TFL
1586,5,5,dog,dog,00:00:00,TFL
1587,2,2,bird,bird,00:00:00,TFL
1588,5,5,dog,dog,00:00:00,TFL
1589,6,6,frog,frog,00:00:00,TFL
1590,4,2,deer,bird,00:00:00,TFL
1591,1,1,automobile,automobile,00:00:00,TFL
1592,4,3,deer,cat,00:00:00,TFL
1593,3,3,cat,cat,00:00:00,TFL
1594,3,3,cat,cat,00:00:00,TFL
1595,3,3,cat,cat,00:00:00,TFL
1596,0,0,airplane,airplane,00:00:00,TFL
1597,3,3,cat,cat,00:00:00,TFL
1598,5,5,dog,dog,00:00:00,TFL
1599,5,5,dog,dog,00:00:00,TFL
1600,8,8,ship,ship,00:00:00,TFL
1601,9,9,truck,truck,00:00:00,TFL
1602,7,7,horse,horse,00:00:00,TFL
1603,3,3,cat,cat,00:00:00,TFL
1604,1,1,automobile,automobile,00:00:00,TFL
1605,3,2,cat,bird,00:00:00,TFL
1606,3,3,cat,cat,00:00:00,TFL
1607,3,5,cat,dog,00:00:00,TFL
1608,4,4,deer,deer,00:00:00,TFL
1609,4,4,deer,deer,00:00:00,TFL
1610,2,3,bird,cat,00:00:00,TFL
1611,3,3,cat,cat,00:00:00,TFL
1612,3,3,cat,cat,00:00:00,TFL
1613,8,8,ship,ship,00:00:00,TFL
1614,1,1,automobile,automobile,00:00:00,TFL
1615,7,7,horse,horse,00:00:00,TFL
1616,7,7,horse,horse,00:00:00,TFL
1617,0,0,airplane,airplane,00:00:00,TFL
1618,7,3,horse,cat,00:00:00,TFL
1619,4,4,deer,deer,00:00:00,TFL
1620,5,2,dog,bird,00:00:00,TFL
1621,1,1,automobile,automobile,00:00:00,TFL
1622,4,4,deer,deer,00:00:00,TFL
1623,2,2,bird,bird,00:00:00,TFL
1624,4,4,deer,deer,00:00:00,TFL
1625,3,6,cat,frog,00:00:00,TFL
1626,9,9,truck,truck,00:00:00,TFL
1627,9,9,truck,truck,00:00:00,TFL
1628,4,7,deer,horse,00:00:00,TFL
1629,9,9,truck,truck,00:00:00,TFL
1630,9,9,truck,truck,00:00:00,TFL
1631,1,1,automobile,automobile,00:00:00,TFL
1632,8,8,ship,ship,00:00:00,TFL
1633,1,1,automobile,automobile,00:00:00,TFL
1634,6,6,frog,frog,00:00:00,TFL
1635,7,7,horse,horse,00:00:00,TFL
1636,5,5,dog,dog,00:00:00,TFL
1637,5,5,dog,dog,00:00:00,TFL
1638,4,4,deer,deer,00:00:00,TFL
1639,9,9,truck,truck,00:00:00,TFL
1640,7,3,horse,cat,00:00:00,TFL
1641,6,6,frog,frog,00:00:00,TFL
1642,5,5,dog,dog,00:00:00,TFL
1643,9,9,truck,truck,00:00:00,TFL
1644,2,6,bird,frog,00:00:00,TFL
1645,4,4,deer,deer,00:00:00,TFL
1646,0,0,airplane,airplane,00:00:00,TFL
1647,7,7,horse,horse,00:00:00,TFL
1648,8,8,ship,ship,00:00:00,TFL
1649,5,2,dog,bird,00:00:00,TFL
1650,5,5,dog,dog,00:00:00,TFL
1651,0,0,airplane,airplane,00:00:00,TFL
1652,0,0,airplane,airplane,00:00:00,TFL
1653,9,9,truck,truck,00:00:00,TFL
1654,9,9,truck,truck,00:00:00,TFL
1655,8,8,ship,ship,00:00:00,TFL
1656,2,4,bird,deer,00:00:00,TFL
1657,5,5,dog,dog,00:00:00,TFL
1658,4,4,deer,deer,00:00:00,TFL
1659,8,8,ship,ship,00:00:00,TFL
1660,3,3,cat,cat,00:00:00,TFL
1661,6,6,frog,frog,00:00:00,TFL
1662,3,5,cat,dog,00:00:00,TFL
1663,6,6,frog,frog,00:00:00,TFL
1664,0,0,airplane,airplane,00:00:00,TFL
1665,6,6,frog,frog,00:00:00,TFL
1666,6,6,frog,frog,00:00:00,TFL
1667,6,6,frog,frog,00:00:00,TFL
1668,9,9,truck,truck,00:00:00,TFL
1669,6,6,frog,frog,00:00:00,TFL
1670,6,6,frog,frog,00:00:00,TFL
1671,8,8,ship,ship,00:00:00,TFL
1672,6,6,frog,frog,00:00:00,TFL
1673,2,2,bird,bird,00:00:00,TFL
1674,4,4,deer,deer,00:00:00,TFL
1675,5,5,dog,dog,00:00:00,TFL
1676,8,8,ship,ship,00:00:00,TFL
1677,1,1,automobile,automobile,00:00:00,TFL
1678,2,2,bird,bird,00:00:00,TFL
1679,7,7,horse,horse,00:00:00,TFL
1680,6,6,frog,frog,00:00:00,TFL
1681,5,6,dog,frog,00:00:00,TFL
1682,7,7,horse,horse,00:00:00,TFL
1683,8,8,ship,ship,00:00:00,TFL
1684,1,8,automobile,ship,00:00:00,TFL
1685,8,6,ship,frog,00:00:00,TFL
1686,0,0,airplane,airplane,00:00:00,TFL
1687,8,0,ship,airplane,00:00:00,TFL
1688,6,6,frog,frog,00:00:00,TFL
1689,9,9,truck,truck,00:00:00,TFL
1690,2,9,bird,truck,00:00:00,TFL
1691,8,8,ship,ship,00:00:00,TFL
1692,9,9,truck,truck,00:00:00,TFL
1693,4,8,deer,ship,00:00:00,TFL
1694,0,0,airplane,airplane,00:00:00,TFL
1695,9,9,truck,truck,00:00:00,TFL
1696,4,3,deer,cat,00:00:00,TFL
1697,9,9,truck,truck,00:00:00,TFL
1698,5,5,dog,dog,00:00:00,TFL
1699,7,7,horse,horse,00:00:00,TFL
1700,5,3,dog,cat,00:00:00,TFL
1701,5,5,dog,dog,00:00:00,TFL
1702,9,9,truck,truck,00:00:00,TFL
1703,5,5,dog,dog,00:00:00,TFL
1704,3,3,cat,cat,00:00:00,TFL
1705,0,0,airplane,airplane,00:00:00,TFL
1706,1,1,automobile,automobile,00:00:00,TFL
1707,9,9,truck,truck,00:00:00,TFL
1708,7,7,horse,horse,00:00:00,TFL
1709,2,2,bird,bird,00:00:00,TFL
1710,4,4,deer,deer,00:00:00,TFL
1711,1,1,automobile,automobile,00:00:00,TFL
1712,0,0,airplane,airplane,00:00:00,TFL
1713,8,1,ship,automobile,00:00:00,TFL
1714,0,0,airplane,airplane,00:00:00,TFL
1715,3,5,cat,dog,00:00:00,TFL
1716,1,1,automobile,automobile,00:00:00,TFL
1717,7,7,horse,horse,00:00:00,TFL
1718,0,8,airplane,ship,00:00:00,TFL
1719,0,0,airplane,airplane,00:00:00,TFL
1720,4,4,deer,deer,00:00:00,TFL
1721,8,4,ship,deer,00:00:00,TFL
1722,6,6,frog,frog,00:00:00,TFL
1723,2,5,bird,dog,00:00:00,TFL
1724,4,2,deer,bird,00:00:00,TFL
1725,0,0,airplane,airplane,00:00:00,TFL
1726,0,0,airplane,airplane,00:00:00,TFL
1727,9,9,truck,truck,00:00:00,TFL
1728,0,0,airplane,airplane,00:00:00,TFL
1729,8,8,ship,ship,00:00:00,TFL
1730,4,4,deer,deer,00:00:00,TFL
1731,5,3,dog,cat,00:00:00,TFL
1732,9,1,truck,automobile,00:00:00,TFL
1733,3,3,cat,cat,00:00:00,TFL
1734,9,1,truck,automobile,00:00:00,TFL
1735,0,0,airplane,airplane,00:00:00,TFL
1736,5,3,dog,cat,00:00:00,TFL
1737,6,6,frog,frog,00:00:00,TFL
1738,5,5,dog,dog,00:00:00,TFL
1739,0,8,airplane,ship,00:00:00,TFL
1740,1,1,automobile,automobile,00:00:00,TFL
1741,4,5,deer,dog,00:00:00,TFL
1742,8,8,ship,ship,00:00:00,TFL
1743,1,1,automobile,automobile,00:00:00,TFL
1744,0,0,airplane,airplane,00:00:00,TFL
1745,5,5,dog,dog,00:00:00,TFL
1746,2,4,bird,deer,00:00:00,TFL
1747,1,1,automobile,automobile,00:00:00,TFL
1748,0,0,airplane,airplane,00:00:00,TFL
1749,2,2,bird,bird,00:00:00,TFL
1750,8,8,ship,ship,00:00:00,TFL
1751,1,1,automobile,automobile,00:00:00,TFL
1752,5,5,dog,dog,00:00:00,TFL
1753,6,6,frog,frog,00:00:00,TFL
1754,7,7,horse,horse,00:00:00,TFL
1755,7,7,horse,horse,00:00:00,TFL
1756,2,3,bird,cat,00:00:00,TFL
1757,6,6,frog,frog,00:00:00,TFL
1758,2,2,bird,bird,00:00:00,TFL
1759,5,5,dog,dog,00:00:00,TFL
1760,0,0,airplane,airplane,00:00:00,TFL
1761,1,1,automobile,automobile,00:00:00,TFL
1762,4,4,deer,deer,00:00:00,TFL
1763,2,3,bird,cat,00:00:00,TFL
1764,5,5,dog,dog,00:00:00,TFL
1765,4,4,deer,deer,00:00:00,TFL
1766,6,6,frog,frog,00:00:00,TFL
1767,2,2,bird,bird,00:00:00,TFL
1768,2,2,bird,bird,00:00:00,TFL
1769,1,1,automobile,automobile,00:00:00,TFL
1770,7,7,horse,horse,00:00:00,TFL
1771,2,2,bird,bird,00:00:00,TFL
1772,8,9,ship,truck,00:00:00,TFL
1773,5,5,dog,dog,00:00:00,TFL
1774,5,5,dog,dog,00:00:00,TFL
1775,3,3,cat,cat,00:00:00,TFL
1776,0,0,airplane,airplane,00:00:00,TFL
1777,4,4,deer,deer,00:00:00,TFL
1778,8,8,ship,ship,00:00:00,TFL
1779,3,5,cat,dog,00:00:00,TFL
1780,7,7,horse,horse,00:00:00,TFL
1781,6,6,frog,frog,00:00:00,TFL
1782,3,5,cat,dog,00:00:00,TFL
1783,8,8,ship,ship,00:00:00,TFL
1784,1,1,automobile,automobile,00:00:00,TFL
1785,0,0,airplane,airplane,00:00:00,TFL
1786,1,1,automobile,automobile,00:00:00,TFL
1787,3,3,cat,cat,00:00:00,TFL
1788,3,6,cat,frog,00:00:00,TFL
1789,0,0,airplane,airplane,00:00:00,TFL
1790,7,7,horse,horse,00:00:00,TFL
1791,4,6,deer,frog,00:00:00,TFL
1792,9,9,truck,truck,00:00:00,TFL
1793,5,5,dog,dog,00:00:00,TFL
1794,3,3,cat,cat,00:00:00,TFL
1795,6,6,frog,frog,00:00:00,TFL
1796,0,0,airplane,airplane,00:00:00,TFL
1797,1,1,automobile,automobile,00:00:00,TFL
1798,4,4,deer,deer,00:00:00,TFL
1799,4,4,deer,deer,00:00:00,TFL
1800,4,4,deer,deer,00:00:00,TFL
1801,4,4,deer,deer,00:00:00,TFL
1802,2,2,bird,bird,00:00:00,TFL
1803,2,3,bird,cat,00:00:00,TFL
1804,5,3,dog,cat,00:00:00,TFL
1805,8,8,ship,ship,00:00:00,TFL
1806,1,1,automobile,automobile,00:00:00,TFL
1807,5,9,dog,truck,00:00:00,TFL
1808,9,9,truck,truck,00:00:00,TFL
1809,8,8,ship,ship,00:00:00,TFL
1810,1,1,automobile,automobile,00:00:00,TFL
1811,1,1,automobile,automobile,00:00:00,TFL
1812,5,7,dog,horse,00:00:00,TFL
1813,3,3,cat,cat,00:00:00,TFL
1814,9,1,truck,automobile,00:00:00,TFL
1815,9,9,truck,truck,00:00:00,TFL
1816,7,3,horse,cat,00:00:00,TFL
1817,6,6,frog,frog,00:00:00,TFL
1818,5,5,dog,dog,00:00:00,TFL
1819,0,0,airplane,airplane,00:00:00,TFL
1820,8,8,ship,ship,00:00:00,TFL
1821,4,4,deer,deer,00:00:00,TFL
1822,7,5,horse,dog,00:00:00,TFL
1823,0,2,airplane,bird,00:00:00,TFL
1824,9,9,truck,truck,00:00:00,TFL
1825,2,2,bird,bird,00:00:00,TFL
1826,8,8,ship,ship,00:00:00,TFL
1827,4,4,deer,deer,00:00:00,TFL
1828,7,7,horse,horse,00:00:00,TFL
1829,1,1,automobile,automobile,00:00:00,TFL
1830,3,3,cat,cat,00:00:00,TFL
1831,9,9,truck,truck,00:00:00,TFL
1832,6,6,frog,frog,00:00:00,TFL
1833,8,8,ship,ship,00:00:00,TFL
1834,9,9,truck,truck,00:00:00,TFL
1835,0,0,airplane,airplane,00:00:00,TFL
1836,4,4,deer,deer,00:00:00,TFL
1837,9,9,truck,truck,00:00:00,TFL
1838,6,6,frog,frog,00:00:00,TFL
1839,7,7,horse,horse,00:00:00,TFL
1840,8,8,ship,ship,00:00:00,TFL
1841,9,9,truck,truck,00:00:00,TFL
1842,4,4,deer,deer,00:00:00,TFL
1843,8,8,ship,ship,00:00:00,TFL
1844,9,9,truck,truck,00:00:00,TFL
1845,7,7,horse,horse,00:00:00,TFL
1846,2,2,bird,bird,00:00:00,TFL
1847,5,5,dog,dog,00:00:00,TFL
1848,3,3,cat,cat,00:00:00,TFL
1849,7,7,horse,horse,00:00:00,TFL
1850,1,3,automobile,cat,00:00:00,TFL
1851,0,0,airplane,airplane,00:00:00,TFL
1852,2,2,bird,bird,00:00:00,TFL
1853,9,9,truck,truck,00:00:00,TFL
1854,5,5,dog,dog,00:00:00,TFL
1855,5,5,dog,dog,00:00:00,TFL
1856,8,8,ship,ship,00:00:00,TFL
1857,5,5,dog,dog,00:00:00,TFL
1858,4,7,deer,horse,00:00:00,TFL
1859,2,2,bird,bird,00:00:00,TFL
1860,8,8,ship,ship,00:00:00,TFL
1861,3,3,cat,cat,00:00:00,TFL
1862,5,4,dog,deer,00:00:00,TFL
1863,5,5,dog,dog,00:00:00,TFL
1864,7,7,horse,horse,00:00:00,TFL
1865,7,7,horse,horse,00:00:00,TFL
1866,8,8,ship,ship,00:00:00,TFL
1867,6,4,frog,deer,00:00:00,TFL
1868,2,7,bird,horse,00:00:00,TFL
1869,8,8,ship,ship,00:00:00,TFL
1870,2,2,bird,bird,00:00:00,TFL
1871,3,3,cat,cat,00:00:00,TFL
1872,5,5,dog,dog,00:00:00,TFL
1873,6,6,frog,frog,00:00:00,TFL
1874,8,8,ship,ship,00:00:00,TFL
1875,0,0,airplane,airplane,00:00:00,TFL
1876,2,2,bird,bird,00:00:00,TFL
1877,3,3,cat,cat,00:00:00,TFL
1878,7,7,horse,horse,00:00:00,TFL
1879,0,0,airplane,airplane,00:00:00,TFL
1880,1,1,automobile,automobile,00:00:00,TFL
1881,9,9,truck,truck,00:00:00,TFL
1882,1,1,automobile,automobile,00:00:00,TFL
1883,3,3,cat,cat,00:00:00,TFL
1884,7,5,horse,dog,00:00:00,TFL
1885,5,5,dog,dog,00:00:00,TFL
1886,8,8,ship,ship,00:00:00,TFL
1887,3,3,cat,cat,00:00:00,TFL
1888,2,2,bird,bird,00:00:00,TFL
1889,9,9,truck,truck,00:00:00,TFL
1890,6,4,frog,deer,00:00:00,TFL
1891,8,8,ship,ship,00:00:00,TFL
1892,6,6,frog,frog,00:00:00,TFL
1893,9,9,truck,truck,00:00:00,TFL
1894,3,3,cat,cat,00:00:00,TFL
1895,8,0,ship,airplane,00:00:00,TFL
1896,9,9,truck,truck,00:00:00,TFL
1897,8,8,ship,ship,00:00:00,TFL
1898,0,5,airplane,dog,00:00:00,TFL
1899,7,7,horse,horse,00:00:00,TFL
1900,8,8,ship,ship,00:00:00,TFL
1901,5,5,dog,dog,00:00:00,TFL
1902,0,0,airplane,airplane,00:00:00,TFL
1903,0,0,airplane,airplane,00:00:00,TFL
1904,1,1,automobile,automobile,00:00:00,TFL
1905,3,4,cat,deer,00:00:00,TFL
1906,9,7,truck,horse,00:00:00,TFL
1907,1,1,automobile,automobile,00:00:00,TFL
1908,5,3,dog,cat,00:00:00,TFL
1909,3,3,cat,cat,00:00:00,TFL
1910,4,4,deer,deer,00:00:00,TFL
1911,4,4,deer,deer,00:00:00,TFL
1912,0,0,airplane,airplane,00:00:00,TFL
1913,9,9,truck,truck,00:00:00,TFL
1914,9,9,truck,truck,00:00:00,TFL
1915,9,9,truck,truck,00:00:00,TFL
1916,9,9,truck,truck,00:00:00,TFL
1917,8,8,ship,ship,00:00:00,TFL
1918,2,2,bird,bird,00:00:00,TFL
1919,4,4,deer,deer,00:00:00,TFL
1920,2,2,bird,bird,00:00:00,TFL
1921,2,2,bird,bird,00:00:00,TFL
1922,5,5,dog,dog,00:00:00,TFL
1923,1,1,automobile,automobile,00:00:00,TFL
1924,9,4,truck,deer,00:00:00,TFL
1925,1,1,automobile,automobile,00:00:00,TFL
1926,0,0,airplane,airplane,00:00:00,TFL
1927,9,9,truck,truck,00:00:00,TFL
1928,4,4,deer,deer,00:00:00,TFL
1929,2,2,bird,bird,00:00:00,TFL
1930,1,1,automobile,automobile,00:00:00,TFL
1931,6,6,frog,frog,00:00:00,TFL
1932,0,0,airplane,airplane,00:00:00,TFL
1933,3,3,cat,cat,00:00:00,TFL
1934,7,7,horse,horse,00:00:00,TFL
1935,6,4,frog,deer,00:00:00,TFL
1936,3,5,cat,dog,00:00:00,TFL
1937,1,9,automobile,truck,00:00:00,TFL
1938,8,0,ship,airplane,00:00:00,TFL
1939,6,3,frog,cat,00:00:00,TFL
1940,5,5,dog,dog,00:00:00,TFL
1941,7,7,horse,horse,00:00:00,TFL
1942,2,4,bird,deer,00:00:00,TFL
1943,8,8,ship,ship,00:00:00,TFL
1944,4,4,deer,deer,00:00:00,TFL
1945,4,7,deer,horse,00:00:00,TFL
1946,8,8,ship,ship,00:00:00,TFL
1947,3,3,cat,cat,00:00:00,TFL
1948,5,5,dog,dog,00:00:00,TFL
1949,0,0,airplane,airplane,00:00:00,TFL
1950,5,3,dog,cat,00:00:00,TFL
1951,7,7,horse,horse,00:00:00,TFL
1952,4,4,deer,deer,00:00:00,TFL
1953,4,2,deer,bird,00:00:00,TFL
1954,2,4,bird,deer,00:00:00,TFL
1955,2,7,bird,horse,00:00:00,TFL
1956,7,7,horse,horse,00:00:00,TFL
1957,3,7,cat,horse,00:00:00,TFL
1958,6,4,frog,deer,00:00:00,TFL
1959,0,0,airplane,airplane,00:00:00,TFL
1960,2,5,bird,dog,00:00:00,TFL
1961,7,7,horse,horse,00:00:00,TFL
1962,6,6,frog,frog,00:00:00,TFL
1963,2,2,bird,bird,00:00:00,TFL
1964,3,3,cat,cat,00:00:00,TFL
1965,0,0,airplane,airplane,00:00:00,TFL
1966,7,7,horse,horse,00:00:00,TFL
1967,7,7,horse,horse,00:00:00,TFL
1968,8,8,ship,ship,00:00:00,TFL
1969,1,9,automobile,truck,00:00:00,TFL
1970,1,1,automobile,automobile,00:00:00,TFL
1971,4,4,deer,deer,00:00:00,TFL
1972,6,6,frog,frog,00:00:00,TFL
1973,0,0,airplane,airplane,00:00:00,TFL
1974,6,6,frog,frog,00:00:00,TFL
1975,6,6,frog,frog,00:00:00,TFL
1976,5,5,dog,dog,00:00:00,TFL
1977,5,5,dog,dog,00:00:00,TFL
1978,6,6,frog,frog,00:00:00,TFL
1979,3,3,cat,cat,00:00:00,TFL
1980,9,1,truck,automobile,00:00:00,TFL
1981,3,3,cat,cat,00:00:00,TFL
1982,6,6,frog,frog,00:00:00,TFL
1983,8,5,ship,dog,00:00:00,TFL
1984,7,7,horse,horse,00:00:00,TFL
1985,6,6,frog,frog,00:00:00,TFL
1986,4,3,deer,cat,00:00:00,TFL
1987,9,9,truck,truck,00:00:00,TFL
1988,5,5,dog,dog,00:00:00,TFL
1989,6,6,frog,frog,00:00:00,TFL
1990,4,4,deer,deer,00:00:00,TFL
1991,1,1,automobile,automobile,00:00:00,TFL
1992,6,6,frog,frog,00:00:00,TFL
1993,3,2,cat,bird,00:00:00,TFL
1994,8,8,ship,ship,00:00:00,TFL
1995,2,2,bird,bird,00:00:00,TFL
1996,3,5,cat,dog,00:00:00,TFL
1997,9,9,truck,truck,00:00:00,TFL
1998,8,0,ship,airplane,00:00:00,TFL
1999,5,5,dog,dog,00:00:00,TFL
2000,1,1,automobile,automobile,00:00:00,TFL
2001,5,3,dog,cat,00:00:00,TFL
2002,4,2,deer,bird,00:00:00,TFL
2003,5,3,dog,cat,00:00:00,TFL
2004,7,7,horse,horse,00:00:00,TFL
2005,5,5,dog,dog,00:00:00,TFL
2006,7,7,horse,horse,00:00:00,TFL
2007,8,8,ship,ship,00:00:00,TFL
2008,9,9,truck,truck,00:00:00,TFL
2009,1,1,automobile,automobile,00:00:00,TFL
2010,7,7,horse,horse,00:00:00,TFL
2011,2,4,bird,deer,00:00:00,TFL
2012,5,5,dog,dog,00:00:00,TFL
2013,6,6,frog,frog,00:00:00,TFL
2014,8,8,ship,ship,00:00:00,TFL
2015,4,4,deer,deer,00:00:00,TFL
2016,6,6,frog,frog,00:00:00,TFL
2017,5,6,dog,frog,00:00:00,TFL
2018,3,3,cat,cat,00:00:00,TFL
2019,9,9,truck,truck,00:00:00,TFL
2020,9,9,truck,truck,00:00:00,TFL
2021,8,8,ship,ship,00:00:00,TFL
2022,5,5,dog,dog,00:00:00,TFL
2023,5,5,dog,dog,00:00:00,TFL
2024,6,6,frog,frog,00:00:00,TFL
2025,4,4,deer,deer,00:00:00,TFL
2026,5,3,dog,cat,00:00:00,TFL
2027,9,9,truck,truck,00:00:00,TFL
2028,7,7,horse,horse,00:00:00,TFL
2029,3,3,cat,cat,00:00:00,TFL
2030,4,4,deer,deer,00:00:00,TFL
2031,1,1,automobile,automobile,00:00:00,TFL
2032,4,3,deer,cat,00:00:00,TFL
2033,2,2,bird,bird,00:00:00,TFL
2034,3,4,cat,deer,00:00:00,TFL
2035,6,6,frog,frog,00:00:00,TFL
2036,5,3,dog,cat,00:00:00,TFL
2037,5,5,dog,dog,00:00:00,TFL
2038,2,2,bird,bird,00:00:00,TFL
2039,8,8,ship,ship,00:00:00,TFL
2040,0,0,airplane,airplane,00:00:00,TFL
2041,0,0,airplane,airplane,00:00:00,TFL
2042,1,1,automobile,automobile,00:00:00,TFL
2043,8,8,ship,ship,00:00:00,TFL
2044,3,3,cat,cat,00:00:00,TFL
2045,1,1,automobile,automobile,00:00:00,TFL
2046,3,3,cat,cat,00:00:00,TFL
2047,5,5,dog,dog,00:00:00,TFL
2048,8,8,ship,ship,00:00:00,TFL
2049,3,3,cat,cat,00:00:00,TFL
2050,8,8,ship,ship,00:00:00,TFL
2051,5,5,dog,dog,00:00:00,TFL
2052,8,8,ship,ship,00:00:00,TFL
2053,6,6,frog,frog,00:00:00,TFL
2054,3,3,cat,cat,00:00:00,TFL
2055,5,5,dog,dog,00:00:00,TFL
2056,5,5,dog,dog,00:00:00,TFL
2057,5,5,dog,dog,00:00:00,TFL
2058,0,0,airplane,airplane,00:00:00,TFL
2059,9,0,truck,airplane,00:00:00,TFL
2060,5,5,dog,dog,00:00:00,TFL
2061,5,5,dog,dog,00:00:00,TFL
2062,7,7,horse,horse,00:00:00,TFL
2063,1,1,automobile,automobile,00:00:00,TFL
2064,8,8,ship,ship,00:00:00,TFL
2065,2,4,bird,deer,00:00:00,TFL
2066,2,4,bird,deer,00:00:00,TFL
2067,7,7,horse,horse,00:00:00,TFL
2068,3,3,cat,cat,00:00:00,TFL
2069,4,4,deer,deer,00:00:00,TFL
2070,2,2,bird,bird,00:00:00,TFL
2071,9,9,truck,truck,00:00:00,TFL
2072,6,6,frog,frog,00:00:00,TFL
2073,2,2,bird,bird,00:00:00,TFL
2074,2,2,bird,bird,00:00:00,TFL
2075,4,4,deer,deer,00:00:00,TFL
2076,3,3,cat,cat,00:00:00,TFL
2077,0,0,airplane,airplane,00:00:00,TFL
2078,2,6,bird,frog,00:00:00,TFL
2079,0,0,airplane,airplane,00:00:00,TFL
2080,1,1,automobile,automobile,00:00:00,TFL
2081,3,6,cat,frog,00:00:00,TFL
2082,2,2,bird,bird,00:00:00,TFL
2083,2,5,bird,dog,00:00:00,TFL
2084,7,7,horse,horse,00:00:00,TFL
2085,0,0,airplane,airplane,00:00:00,TFL
2086,1,1,automobile,automobile,00:00:00,TFL
2087,0,0,airplane,airplane,00:00:00,TFL
2088,7,7,horse,horse,00:00:00,TFL
2089,7,7,horse,horse,00:00:00,TFL
2090,2,2,bird,bird,00:00:00,TFL
2091,0,2,airplane,bird,00:00:00,TFL
2092,1,1,automobile,automobile,00:00:00,TFL
2093,6,6,frog,frog,00:00:00,TFL
2094,5,5,dog,dog,00:00:00,TFL
2095,0,4,airplane,deer,00:00:00,TFL
2096,2,9,bird,truck,00:00:00,TFL
2097,2,2,bird,bird,00:00:00,TFL
2098,0,0,airplane,airplane,00:00:00,TFL
2099,1,1,automobile,automobile,00:00:00,TFL
2100,2,2,bird,bird,00:00:00,TFL
2101,6,6,frog,frog,00:00:00,TFL
2102,0,0,airplane,airplane,00:00:00,TFL
2103,1,1,automobile,automobile,00:00:00,TFL
2104,6,6,frog,frog,00:00:00,TFL
2105,6,6,frog,frog,00:00:00,TFL
2106,5,5,dog,dog,00:00:00,TFL
2107,3,3,cat,cat,00:00:00,TFL
2108,4,4,deer,deer,00:00:00,TFL
2109,0,0,airplane,airplane,00:00:00,TFL
2110,0,0,airplane,airplane,00:00:00,TFL
2111,9,9,truck,truck,00:00:00,TFL
2112,1,1,automobile,automobile,00:00:00,TFL
2113,0,0,airplane,airplane,00:00:00,TFL
2114,2,2,bird,bird,00:00:00,TFL
2115,5,5,dog,dog,00:00:00,TFL
2116,9,9,truck,truck,00:00:00,TFL
2117,7,7,horse,horse,00:00:00,TFL
2118,8,8,ship,ship,00:00:00,TFL
2119,6,6,frog,frog,00:00:00,TFL
2120,4,3,deer,cat,00:00:00,TFL
2121,6,6,frog,frog,00:00:00,TFL
2122,0,0,airplane,airplane,00:00:00,TFL
2123,2,2,bird,bird,00:00:00,TFL
2124,0,0,airplane,airplane,00:00:00,TFL
2125,1,1,automobile,automobile,00:00:00,TFL
2126,9,9,truck,truck,00:00:00,TFL
2127,2,4,bird,deer,00:00:00,TFL
2128,4,6,deer,frog,00:00:00,TFL
2129,9,9,truck,truck,00:00:00,TFL
2130,0,2,airplane,bird,00:00:00,TFL
2131,7,7,horse,horse,00:00:00,TFL
2132,2,2,bird,bird,00:00:00,TFL
2133,3,3,cat,cat,00:00:00,TFL
2134,4,4,deer,deer,00:00:00,TFL
2135,8,8,ship,ship,00:00:00,TFL
2136,0,9,airplane,truck,00:00:00,TFL
2137,2,2,bird,bird,00:00:00,TFL
2138,6,6,frog,frog,00:00:00,TFL
2139,8,8,ship,ship,00:00:00,TFL
2140,9,9,truck,truck,00:00:00,TFL
2141,7,5,horse,dog,00:00:00,TFL
2142,1,9,automobile,truck,00:00:00,TFL
2143,9,9,truck,truck,00:00:00,TFL
2144,3,3,cat,cat,00:00:00,TFL
2145,7,4,horse,deer,00:00:00,TFL
2146,2,2,bird,bird,00:00:00,TFL
2147,7,7,horse,horse,00:00:00,TFL
2148,9,9,truck,truck,00:00:00,TFL
2149,6,6,frog,frog,00:00:00,TFL
2150,9,9,truck,truck,00:00:00,TFL
2151,5,5,dog,dog,00:00:00,TFL
2152,7,7,horse,horse,00:00:00,TFL
2153,8,8,ship,ship,00:00:00,TFL
2154,5,5,dog,dog,00:00:00,TFL
2155,9,9,truck,truck,00:00:00,TFL
2156,8,8,ship,ship,00:00:00,TFL
2157,3,3,cat,cat,00:00:00,TFL
2158,9,9,truck,truck,00:00:00,TFL
2159,8,9,ship,truck,00:00:00,TFL
2160,0,0,airplane,airplane,00:00:00,TFL
2161,5,5,dog,dog,00:00:00,TFL
2162,5,5,dog,dog,00:00:00,TFL
2163,7,7,horse,horse,00:00:00,TFL
2164,1,1,automobile,automobile,00:00:00,TFL
2165,2,2,bird,bird,00:00:00,TFL
2166,0,2,airplane,bird,00:00:00,TFL
2167,7,5,horse,dog,00:00:00,TFL
2168,5,5,dog,dog,00:00:00,TFL
2169,8,8,ship,ship,00:00:00,TFL
2170,2,2,bird,bird,00:00:00,TFL
2171,2,2,bird,bird,00:00:00,TFL
2172,5,5,dog,dog,00:00:00,TFL
2173,3,3,cat,cat,00:00:00,TFL
2174,9,9,truck,truck,00:00:00,TFL
2175,3,5,cat,dog,00:00:00,TFL
2176,1,1,automobile,automobile,00:00:00,TFL
2177,9,9,truck,truck,00:00:00,TFL
2178,3,5,cat,dog,00:00:00,TFL
2179,1,1,automobile,automobile,00:00:00,TFL
2180,4,4,deer,deer,00:00:00,TFL
2181,3,3,cat,cat,00:00:00,TFL
2182,4,4,deer,deer,00:00:00,TFL
2183,4,4,deer,deer,00:00:00,TFL
2184,9,9,truck,truck,00:00:00,TFL
2185,0,0,airplane,airplane,00:00:00,TFL
2186,9,1,truck,automobile,00:00:00,TFL
2187,5,3,dog,cat,00:00:00,TFL
2188,9,9,truck,truck,00:00:00,TFL
2189,2,2,bird,bird,00:00:00,TFL
2190,9,1,truck,automobile,00:00:00,TFL
2191,4,5,deer,dog,00:00:00,TFL
2192,0,4,airplane,deer,00:00:00,TFL
2193,2,2,bird,bird,00:00:00,TFL
2194,8,8,ship,ship,00:00:00,TFL
2195,4,4,deer,deer,00:00:00,TFL
2196,8,8,ship,ship,00:00:00,TFL
2197,6,6,frog,frog,00:00:00,TFL
2198,8,8,ship,ship,00:00:00,TFL
2199,2,5,bird,dog,00:00:00,TFL
2200,0,0,airplane,airplane,00:00:00,TFL
2201,5,5,dog,dog,00:00:00,TFL
2202,9,9,truck,truck,00:00:00,TFL
2203,6,6,frog,frog,00:00:00,TFL
2204,9,9,truck,truck,00:00:00,TFL
2205,5,3,dog,cat,00:00:00,TFL
2206,1,1,automobile,automobile,00:00:00,TFL
2207,3,3,cat,cat,00:00:00,TFL
2208,4,4,deer,deer,00:00:00,TFL
2209,4,4,deer,deer,00:00:00,TFL
2210,2,2,bird,bird,00:00:00,TFL
2211,7,7,horse,horse,00:00:00,TFL
2212,2,2,bird,bird,00:00:00,TFL
2213,4,4,deer,deer,00:00:00,TFL
2214,4,4,deer,deer,00:00:00,TFL
2215,0,0,airplane,airplane,00:00:00,TFL
2216,2,3,bird,cat,00:00:00,TFL
2217,8,8,ship,ship,00:00:00,TFL
2218,4,4,deer,deer,00:00:00,TFL
2219,5,5,dog,dog,00:00:00,TFL
2220,1,1,automobile,automobile,00:00:00,TFL
2221,2,2,bird,bird,00:00:00,TFL
2222,6,6,frog,frog,00:00:00,TFL
2223,8,8,ship,ship,00:00:00,TFL
2224,1,1,automobile,automobile,00:00:00,TFL
2225,7,7,horse,horse,00:00:00,TFL
2226,2,6,bird,frog,00:00:00,TFL
2227,8,8,ship,ship,00:00:00,TFL
2228,7,7,horse,horse,00:00:00,TFL
2229,4,4,deer,deer,00:00:00,TFL
2230,3,3,cat,cat,00:00:00,TFL
2231,3,3,cat,cat,00:00:00,TFL
2232,0,5,airplane,dog,00:00:00,TFL
2233,3,5,cat,dog,00:00:00,TFL
2234,7,7,horse,horse,00:00:00,TFL
2235,2,2,bird,bird,00:00:00,TFL
2236,5,5,dog,dog,00:00:00,TFL
2237,6,6,frog,frog,00:00:00,TFL
2238,1,1,automobile,automobile,00:00:00,TFL
2239,7,7,horse,horse,00:00:00,TFL
2240,9,9,truck,truck,00:00:00,TFL
2241,0,0,airplane,airplane,00:00:00,TFL
2242,2,3,bird,cat,00:00:00,TFL
2243,3,3,cat,cat,00:00:00,TFL
2244,9,9,truck,truck,00:00:00,TFL
2245,8,8,ship,ship,00:00:00,TFL
2246,9,1,truck,automobile,00:00:00,TFL
2247,5,5,dog,dog,00:00:00,TFL
2248,0,0,airplane,airplane,00:00:00,TFL
2249,0,0,airplane,airplane,00:00:00,TFL
2250,7,7,horse,horse,00:00:00,TFL
2251,6,6,frog,frog,00:00:00,TFL
2252,3,3,cat,cat,00:00:00,TFL
2253,3,3,cat,cat,00:00:00,TFL
2254,8,8,ship,ship,00:00:00,TFL
2255,1,1,automobile,automobile,00:00:00,TFL
2256,4,4,deer,deer,00:00:00,TFL
2257,0,0,airplane,airplane,00:00:00,TFL
2258,1,1,automobile,automobile,00:00:00,TFL
2259,5,5,dog,dog,00:00:00,TFL
2260,4,4,deer,deer,00:00:00,TFL
2261,3,3,cat,cat,00:00:00,TFL
2262,2,4,bird,deer,00:00:00,TFL
2263,6,6,frog,frog,00:00:00,TFL
2264,0,0,airplane,airplane,00:00:00,TFL
2265,8,8,ship,ship,00:00:00,TFL
2266,8,8,ship,ship,00:00:00,TFL
2267,6,3,frog,cat,00:00:00,TFL
2268,3,3,cat,cat,00:00:00,TFL
2269,3,3,cat,cat,00:00:00,TFL
2270,2,4,bird,deer,00:00:00,TFL
2271,9,8,truck,ship,00:00:00,TFL
2272,7,7,horse,horse,00:00:00,TFL
2273,5,3,dog,cat,00:00:00,TFL
2274,1,1,automobile,automobile,00:00:00,TFL
2275,6,6,frog,frog,00:00:00,TFL
2276,0,1,airplane,automobile,00:00:00,TFL
2277,5,5,dog,dog,00:00:00,TFL
2278,9,9,truck,truck,00:00:00,TFL
2279,9,9,truck,truck,00:00:00,TFL
2280,4,4,deer,deer,00:00:00,TFL
2281,5,5,dog,dog,00:00:00,TFL
2282,9,9,truck,truck,00:00:00,TFL
2283,4,7,deer,horse,00:00:00,TFL
2284,8,8,ship,ship,00:00:00,TFL
2285,3,3,cat,cat,00:00:00,TFL
2286,3,5,cat,dog,00:00:00,TFL
2287,2,2,bird,bird,00:00:00,TFL
2288,5,5,dog,dog,00:00:00,TFL
2289,1,1,automobile,automobile,00:00:00,TFL
2290,9,9,truck,truck,00:00:00,TFL
2291,5,5,dog,dog,00:00:00,TFL
2292,5,5,dog,dog,00:00:00,TFL
2293,8,1,ship,automobile,00:00:00,TFL
2294,1,1,automobile,automobile,00:00:00,TFL
2295,8,8,ship,ship,00:00:00,TFL
2296,9,9,truck,truck,00:00:00,TFL
2297,7,7,horse,horse,00:00:00,TFL
2298,0,0,airplane,airplane,00:00:00,TFL
2299,6,6,frog,frog,00:00:00,TFL
2300,3,5,cat,dog,00:00:00,TFL
2301,2,2,bird,bird,00:00:00,TFL
2302,0,0,airplane,airplane,00:00:00,TFL
2303,2,2,bird,bird,00:00:00,TFL
2304,6,6,frog,frog,00:00:00,TFL
2305,9,9,truck,truck,00:00:00,TFL
2306,3,3,cat,cat,00:00:00,TFL
2307,9,9,truck,truck,00:00:00,TFL
2308,1,1,automobile,automobile,00:00:00,TFL
2309,6,3,frog,cat,00:00:00,TFL
2310,6,6,frog,frog,00:00:00,TFL
2311,7,7,horse,horse,00:00:00,TFL
2312,2,2,bird,bird,00:00:00,TFL
2313,6,5,frog,dog,00:00:00,TFL
2314,3,3,cat,cat,00:00:00,TFL
2315,2,2,bird,bird,00:00:00,TFL
2316,5,5,dog,dog,00:00:00,TFL
2317,5,5,dog,dog,00:00:00,TFL
2318,2,2,bird,bird,00:00:00,TFL
2319,7,7,horse,horse,00:00:00,TFL
2320,5,5,dog,dog,00:00:00,TFL
2321,2,3,bird,cat,00:00:00,TFL
2322,0,0,airplane,airplane,00:00:00,TFL
2323,8,8,ship,ship,00:00:00,TFL
2324,0,0,airplane,airplane,00:00:00,TFL
2325,7,5,horse,dog,00:00:00,TFL
2326,7,7,horse,horse,00:00:00,TFL
2327,1,0,automobile,airplane,00:00:00,TFL
2328,7,7,horse,horse,00:00:00,TFL
2329,4,4,deer,deer,00:00:00,TFL
2330,0,0,airplane,airplane,00:00:00,TFL
2331,2,7,bird,horse,00:00:00,TFL
2332,2,2,bird,bird,00:00:00,TFL
2333,6,6,frog,frog,00:00:00,TFL
2334,1,1,automobile,automobile,00:00:00,TFL
2335,5,5,dog,dog,00:00:00,TFL
2336,9,9,truck,truck,00:00:00,TFL
2337,7,7,horse,horse,00:00:00,TFL
2338,6,6,frog,frog,00:00:00,TFL
2339,2,2,bird,bird,00:00:00,TFL
2340,7,7,horse,horse,00:00:00,TFL
2341,0,0,airplane,airplane,00:00:00,TFL
2342,5,3,dog,cat,00:00:00,TFL
2343,6,6,frog,frog,00:00:00,TFL
2344,0,0,airplane,airplane,00:00:00,TFL
2345,1,1,automobile,automobile,00:00:00,TFL
2346,1,1,automobile,automobile,00:00:00,TFL
2347,8,8,ship,ship,00:00:00,TFL
2348,4,4,deer,deer,00:00:00,TFL
2349,5,5,dog,dog,00:00:00,TFL
2350,3,5,cat,dog,00:00:00,TFL
2351,1,9,automobile,truck,00:00:00,TFL
2352,2,3,bird,cat,00:00:00,TFL
2353,4,4,deer,deer,00:00:00,TFL
2354,8,8,ship,ship,00:00:00,TFL
2355,9,9,truck,truck,00:00:00,TFL
2356,8,8,ship,ship,00:00:00,TFL
2357,1,1,automobile,automobile,00:00:00,TFL
2358,7,3,horse,cat,00:00:00,TFL
2359,2,2,bird,bird,00:00:00,TFL
2360,7,7,horse,horse,00:00:00,TFL
2361,2,2,bird,bird,00:00:00,TFL
2362,3,3,cat,cat,00:00:00,TFL
2363,2,6,bird,frog,00:00:00,TFL
2364,6,6,frog,frog,00:00:00,TFL
2365,7,7,horse,horse,00:00:00,TFL
2366,9,9,truck,truck,00:00:00,TFL
2367,4,4,deer,deer,00:00:00,TFL
2368,0,0,airplane,airplane,00:00:00,TFL
2369,1,1,automobile,automobile,00:00:00,TFL
2370,0,0,airplane,airplane,00:00:00,TFL
2371,4,4,deer,deer,00:00:00,TFL
2372,5,5,dog,dog,00:00:00,TFL
2373,0,0,airplane,airplane,00:00:00,TFL
2374,8,8,ship,ship,00:00:00,TFL
2375,0,0,airplane,airplane,00:00:00,TFL
2376,7,7,horse,horse,00:00:00,TFL
2377,6,4,frog,deer,00:00:00,TFL
2378,1,1,automobile,automobile,00:00:00,TFL
2379,0,8,airplane,ship,00:00:00,TFL
2380,8,8,ship,ship,00:00:00,TFL
2381,5,5,dog,dog,00:00:00,TFL
2382,9,9,truck,truck,00:00:00,TFL
2383,2,2,bird,bird,00:00:00,TFL
2384,5,5,dog,dog,00:00:00,TFL
2385,4,4,deer,deer,00:00:00,TFL
2386,4,7,deer,horse,00:00:00,TFL
2387,9,9,truck,truck,00:00:00,TFL
2388,0,0,airplane,airplane,00:00:00,TFL
2389,6,6,frog,frog,00:00:00,TFL
2390,1,1,automobile,automobile,00:00:00,TFL
2391,2,2,bird,bird,00:00:00,TFL
2392,5,5,dog,dog,00:00:00,TFL
2393,1,9,automobile,truck,00:00:00,TFL
2394,6,6,frog,frog,00:00:00,TFL
2395,7,7,horse,horse,00:00:00,TFL
2396,1,1,automobile,automobile,00:00:00,TFL
2397,5,5,dog,dog,00:00:00,TFL
2398,8,8,ship,ship,00:00:00,TFL
2399,8,8,ship,ship,00:00:00,TFL
2400,0,0,airplane,airplane,00:00:00,TFL
2401,3,3,cat,cat,00:00:00,TFL
2402,9,9,truck,truck,00:00:00,TFL
2403,4,4,deer,deer,00:00:00,TFL
2404,0,7,airplane,horse,00:00:00,TFL
2405,3,6,cat,frog,00:00:00,TFL
2406,4,4,deer,deer,00:00:00,TFL
2407,9,9,truck,truck,00:00:00,TFL
2408,2,2,bird,bird,00:00:00,TFL
2409,4,4,deer,deer,00:00:00,TFL
2410,3,3,cat,cat,00:00:00,TFL
2411,0,0,airplane,airplane,00:00:00,TFL
2412,6,6,frog,frog,00:00:00,TFL
2413,4,6,deer,frog,00:00:00,TFL
2414,5,5,dog,dog,00:00:00,TFL
2415,6,6,frog,frog,00:00:00,TFL
2416,6,6,frog,frog,00:00:00,TFL
2417,7,7,horse,horse,00:00:00,TFL
2418,8,8,ship,ship,00:00:00,TFL
2419,4,4,deer,deer,00:00:00,TFL
2420,8,8,ship,ship,00:00:00,TFL
2421,8,8,ship,ship,00:00:00,TFL
2422,3,3,cat,cat,00:00:00,TFL
2423,2,6,bird,frog,00:00:00,TFL
2424,8,8,ship,ship,00:00:00,TFL
2425,0,0,airplane,airplane,00:00:00,TFL
2426,2,2,bird,bird,00:00:00,TFL
2427,5,5,dog,dog,00:00:00,TFL
2428,6,6,frog,frog,00:00:00,TFL
2429,8,8,ship,ship,00:00:00,TFL
2430,7,7,horse,horse,00:00:00,TFL
2431,8,8,ship,ship,00:00:00,TFL
2432,9,9,truck,truck,00:00:00,TFL
2433,9,9,truck,truck,00:00:00,TFL
2434,0,0,airplane,airplane,00:00:00,TFL
2435,6,6,frog,frog,00:00:00,TFL
2436,6,6,frog,frog,00:00:00,TFL
2437,8,8,ship,ship,00:00:00,TFL
2438,1,1,automobile,automobile,00:00:00,TFL
2439,1,1,automobile,automobile,00:00:00,TFL
2440,7,7,horse,horse,00:00:00,TFL
2441,4,4,deer,deer,00:00:00,TFL
2442,4,4,deer,deer,00:00:00,TFL
2443,2,2,bird,bird,00:00:00,TFL
2444,3,5,cat,dog,00:00:00,TFL
2445,6,6,frog,frog,00:00:00,TFL
2446,9,9,truck,truck,00:00:00,TFL
2447,6,3,frog,cat,00:00:00,TFL
2448,2,2,bird,bird,00:00:00,TFL
2449,4,5,deer,dog,00:00:00,TFL
2450,1,1,automobile,automobile,00:00:00,TFL
2451,8,8,ship,ship,00:00:00,TFL
2452,2,2,bird,bird,00:00:00,TFL
2453,3,4,cat,deer,00:00:00,TFL
2454,1,1,automobile,automobile,00:00:00,TFL
2455,6,3,frog,cat,00:00:00,TFL
2456,8,8,ship,ship,00:00:00,TFL
2457,6,6,frog,frog,00:00:00,TFL
2458,8,8,ship,ship,00:00:00,TFL
2459,5,5,dog,dog,00:00:00,TFL
2460,9,9,truck,truck,00:00:00,TFL
2461,0,0,airplane,airplane,00:00:00,TFL
2462,1,1,automobile,automobile,00:00:00,TFL
2463,0,9,airplane,truck,00:00:00,TFL
2464,2,2,bird,bird,00:00:00,TFL
2465,9,9,truck,truck,00:00:00,TFL
2466,2,0,bird,airplane,00:00:00,TFL
2467,9,9,truck,truck,00:00:00,TFL
2468,0,0,airplane,airplane,00:00:00,TFL
2469,9,9,truck,truck,00:00:00,TFL
2470,7,7,horse,horse,00:00:00,TFL
2471,8,8,ship,ship,00:00:00,TFL
2472,5,5,dog,dog,00:00:00,TFL
2473,0,0,airplane,airplane,00:00:00,TFL
2474,6,6,frog,frog,00:00:00,TFL
2475,6,6,frog,frog,00:00:00,TFL
2476,8,8,ship,ship,00:00:00,TFL
2477,1,1,automobile,automobile,00:00:00,TFL
2478,6,6,frog,frog,00:00:00,TFL
2479,5,5,dog,dog,00:00:00,TFL
2480,8,8,ship,ship,00:00:00,TFL
2481,7,7,horse,horse,00:00:00,TFL
2482,9,1,truck,automobile,00:00:00,TFL
2483,2,2,bird,bird,00:00:00,TFL
2484,1,1,automobile,automobile,00:00:00,TFL
2485,6,6,frog,frog,00:00:00,TFL
2486,7,5,horse,dog,00:00:00,TFL
2487,5,5,dog,dog,00:00:00,TFL
2488,6,6,frog,frog,00:00:00,TFL
2489,3,3,cat,cat,00:00:00,TFL
2490,0,0,airplane,airplane,00:00:00,TFL
2491,9,9,truck,truck,00:00:00,TFL
2492,8,8,ship,ship,00:00:00,TFL
2493,9,9,truck,truck,00:00:00,TFL
2494,5,5,dog,dog,00:00:00,TFL
2495,9,8,truck,ship,00:00:00,TFL
2496,9,9,truck,truck,00:00:00,TFL
2497,9,9,truck,truck,00:00:00,TFL
2498,3,3,cat,cat,00:00:00,TFL
2499,6,6,frog,frog,00:00:00,TFL
2500,4,6,deer,frog,00:00:00,TFL
2501,4,4,deer,deer,00:00:00,TFL
2502,8,8,ship,ship,00:00:00,TFL
2503,8,8,ship,ship,00:00:00,TFL
2504,1,1,automobile,automobile,00:00:00,TFL
2505,7,7,horse,horse,00:00:00,TFL
2506,3,7,cat,horse,00:00:00,TFL
2507,0,0,airplane,airplane,00:00:00,TFL
2508,6,6,frog,frog,00:00:00,TFL
2509,2,0,bird,airplane,00:00:00,TFL
2510,4,4,deer,deer,00:00:00,TFL
2511,8,1,ship,automobile,00:00:00,TFL
2512,2,2,bird,bird,00:00:00,TFL
2513,2,2,bird,bird,00:00:00,TFL
2514,9,9,truck,truck,00:00:00,TFL
2515,2,2,bird,bird,00:00:00,TFL
2516,2,5,bird,dog,00:00:00,TFL
2517,9,9,truck,truck,00:00:00,TFL
2518,7,7,horse,horse,00:00:00,TFL
2519,4,4,deer,deer,00:00:00,TFL
2520,1,1,automobile,automobile,00:00:00,TFL
2521,9,5,truck,dog,00:00:00,TFL
2522,1,1,automobile,automobile,00:00:00,TFL
2523,4,4,deer,deer,00:00:00,TFL
2524,3,5,cat,dog,00:00:00,TFL
2525,5,8,dog,ship,00:00:00,TFL
2526,3,5,cat,dog,00:00:00,TFL
2527,8,8,ship,ship,00:00:00,TFL
2528,9,9,truck,truck,00:00:00,TFL
2529,3,5,cat,dog,00:00:00,TFL
2530,6,6,frog,frog,00:00:00,TFL
2531,2,5,bird,dog,00:00:00,TFL
2532,0,1,airplane,automobile,00:00:00,TFL
2533,8,6,ship,frog,00:00:00,TFL
2534,9,9,truck,truck,00:00:00,TFL
2535,0,5,airplane,dog,00:00:00,TFL
2536,5,5,dog,dog,00:00:00,TFL
2537,1,1,automobile,automobile,00:00:00,TFL
2538,5,5,dog,dog,00:00:00,TFL
2539,8,8,ship,ship,00:00:00,TFL
2540,2,3,bird,cat,00:00:00,TFL
2541,1,1,automobile,automobile,00:00:00,TFL
2542,2,0,bird,airplane,00:00:00,TFL
2543,3,5,cat,dog,00:00:00,TFL
2544,2,2,bird,bird,00:00:00,TFL
2545,4,4,deer,deer,00:00:00,TFL
2546,8,8,ship,ship,00:00:00,TFL
2547,4,4,deer,deer,00:00:00,TFL
2548,0,0,airplane,airplane,00:00:00,TFL
2549,6,6,frog,frog,00:00:00,TFL
2550,4,4,deer,deer,00:00:00,TFL
2551,2,4,bird,deer,00:00:00,TFL
2552,9,9,truck,truck,00:00:00,TFL
2553,8,8,ship,ship,00:00:00,TFL
2554,4,4,deer,deer,00:00:00,TFL
2555,7,7,horse,horse,00:00:00,TFL
2556,6,6,frog,frog,00:00:00,TFL
2557,2,5,bird,dog,00:00:00,TFL
2558,4,4,deer,deer,00:00:00,TFL
2559,7,7,horse,horse,00:00:00,TFL
2560,7,7,horse,horse,00:00:00,TFL
2561,6,6,frog,frog,00:00:00,TFL
2562,4,4,deer,deer,00:00:00,TFL
2563,2,2,bird,bird,00:00:00,TFL
2564,2,2,bird,bird,00:00:00,TFL
2565,3,3,cat,cat,00:00:00,TFL
2566,2,2,bird,bird,00:00:00,TFL
2567,4,4,deer,deer,00:00:00,TFL
2568,9,4,truck,deer,00:00:00,TFL
2569,0,0,airplane,airplane,00:00:00,TFL
2570,0,0,airplane,airplane,00:00:00,TFL
2571,9,9,truck,truck,00:00:00,TFL
2572,6,6,frog,frog,00:00:00,TFL
2573,5,3,dog,cat,00:00:00,TFL
2574,8,8,ship,ship,00:00:00,TFL
2575,5,5,dog,dog,00:00:00,TFL
2576,2,2,bird,bird,00:00:00,TFL
2577,4,4,deer,deer,00:00:00,TFL
2578,8,8,ship,ship,00:00:00,TFL
2579,8,8,ship,ship,00:00:00,TFL
2580,6,6,frog,frog,00:00:00,TFL
2581,4,4,deer,deer,00:00:00,TFL
2582,5,5,dog,dog,00:00:00,TFL
2583,7,7,horse,horse,00:00:00,TFL
2584,6,6,frog,frog,00:00:00,TFL
2585,3,5,cat,dog,00:00:00,TFL
2586,7,2,horse,bird,00:00:00,TFL
2587,0,0,airplane,airplane,00:00:00,TFL
2588,4,4,deer,deer,00:00:00,TFL
2589,0,0,airplane,airplane,00:00:00,TFL
2590,5,3,dog,cat,00:00:00,TFL
2591,8,8,ship,ship,00:00:00,TFL
2592,2,5,bird,dog,00:00:00,TFL
2593,8,8,ship,ship,00:00:00,TFL
2594,0,0,airplane,airplane,00:00:00,TFL
2595,4,4,deer,deer,00:00:00,TFL
2596,9,1,truck,automobile,00:00:00,TFL
2597,2,2,bird,bird,00:00:00,TFL
2598,3,3,cat,cat,00:00:00,TFL
2599,6,3,frog,cat,00:00:00,TFL
2600,8,8,ship,ship,00:00:00,TFL
2601,1,1,automobile,automobile,00:00:00,TFL
2602,6,6,frog,frog,00:00:00,TFL
2603,0,0,airplane,airplane,00:00:00,TFL
2604,8,8,ship,ship,00:00:00,TFL
2605,4,7,deer,horse,00:00:00,TFL
2606,3,5,cat,dog,00:00:00,TFL
2607,1,1,automobile,automobile,00:00:00,TFL
2608,4,4,deer,deer,00:00:00,TFL
2609,5,5,dog,dog,00:00:00,TFL
2610,2,2,bird,bird,00:00:00,TFL
2611,4,4,deer,deer,00:00:00,TFL
2612,3,3,cat,cat,00:00:00,TFL
2613,6,6,frog,frog,00:00:00,TFL
2614,0,0,airplane,airplane,00:00:00,TFL
2615,7,7,horse,horse,00:00:00,TFL
2616,1,1,automobile,automobile,00:00:00,TFL
2617,3,3,cat,cat,00:00:00,TFL
2618,5,5,dog,dog,00:00:00,TFL
2619,7,7,horse,horse,00:00:00,TFL
2620,1,1,automobile,automobile,00:00:00,TFL
2621,8,8,ship,ship,00:00:00,TFL
2622,0,0,airplane,airplane,00:00:00,TFL
2623,4,4,deer,deer,00:00:00,TFL
2624,8,8,ship,ship,00:00:00,TFL
2625,2,2,bird,bird,00:00:00,TFL
2626,7,7,horse,horse,00:00:00,TFL
2627,7,7,horse,horse,00:00:00,TFL
2628,0,0,airplane,airplane,00:00:00,TFL
2629,2,6,bird,frog,00:00:00,TFL
2630,2,2,bird,bird,00:00:00,TFL
2631,4,4,deer,deer,00:00:00,TFL
2632,3,5,cat,dog,00:00:00,TFL
2633,3,3,cat,cat,00:00:00,TFL
2634,1,9,automobile,truck,00:00:00,TFL
2635,6,4,frog,deer,00:00:00,TFL
2636,1,1,automobile,automobile,00:00:00,TFL
2637,6,6,frog,frog,00:00:00,TFL
2638,4,4,deer,deer,00:00:00,TFL
2639,6,6,frog,frog,00:00:00,TFL
2640,7,7,horse,horse,00:00:00,TFL
2641,4,4,deer,deer,00:00:00,TFL
2642,7,7,horse,horse,00:00:00,TFL
2643,3,0,cat,airplane,00:00:00,TFL
2644,8,8,ship,ship,00:00:00,TFL
2645,1,1,automobile,automobile,00:00:00,TFL
2646,3,3,cat,cat,00:00:00,TFL
2647,1,1,automobile,automobile,00:00:00,TFL
2648,4,4,deer,deer,00:00:00,TFL
2649,6,6,frog,frog,00:00:00,TFL
2650,5,5,dog,dog,00:00:00,TFL
2651,5,2,dog,bird,00:00:00,TFL
2652,7,7,horse,horse,00:00:00,TFL
2653,4,4,deer,deer,00:00:00,TFL
2654,5,5,dog,dog,00:00:00,TFL
2655,4,4,deer,deer,00:00:00,TFL
2656,9,9,truck,truck,00:00:00,TFL
2657,7,7,horse,horse,00:00:00,TFL
2658,7,7,horse,horse,00:00:00,TFL
2659,2,2,bird,bird,00:00:00,TFL
2660,3,3,cat,cat,00:00:00,TFL
2661,3,3,cat,cat,00:00:00,TFL
2662,6,6,frog,frog,00:00:00,TFL
2663,7,7,horse,horse,00:00:00,TFL
2664,4,4,deer,deer,00:00:00,TFL
2665,1,1,automobile,automobile,00:00:00,TFL
2666,6,6,frog,frog,00:00:00,TFL
2667,1,1,automobile,automobile,00:00:00,TFL
2668,0,0,airplane,airplane,00:00:00,TFL
2669,6,6,frog,frog,00:00:00,TFL
2670,9,9,truck,truck,00:00:00,TFL
2671,6,6,frog,frog,00:00:00,TFL
2672,0,0,airplane,airplane,00:00:00,TFL
2673,2,4,bird,deer,00:00:00,TFL
2674,0,0,airplane,airplane,00:00:00,TFL
2675,2,3,bird,cat,00:00:00,TFL
2676,4,4,deer,deer,00:00:00,TFL
2677,7,7,horse,horse,00:00:00,TFL
2678,0,0,airplane,airplane,00:00:00,TFL
2679,0,0,airplane,airplane,00:00:00,TFL
2680,0,0,airplane,airplane,00:00:00,TFL
2681,0,0,airplane,airplane,00:00:00,TFL
2682,7,7,horse,horse,00:00:00,TFL
2683,5,5,dog,dog,00:00:00,TFL
2684,3,3,cat,cat,00:00:00,TFL
2685,2,4,bird,deer,00:00:00,TFL
2686,7,7,horse,horse,00:00:00,TFL
2687,8,8,ship,ship,00:00:00,TFL
2688,5,5,dog,dog,00:00:00,TFL
2689,5,3,dog,cat,00:00:00,TFL
2690,2,6,bird,frog,00:00:00,TFL
2691,2,2,bird,bird,00:00:00,TFL
2692,8,8,ship,ship,00:00:00,TFL
2693,9,9,truck,truck,00:00:00,TFL
2694,1,1,automobile,automobile,00:00:00,TFL
2695,2,4,bird,deer,00:00:00,TFL
2696,2,2,bird,bird,00:00:00,TFL
2697,0,0,airplane,airplane,00:00:00,TFL
2698,3,3,cat,cat,00:00:00,TFL
2699,4,4,deer,deer,00:00:00,TFL
2700,9,9,truck,truck,00:00:00,TFL
2701,1,1,automobile,automobile,00:00:00,TFL
2702,6,6,frog,frog,00:00:00,TFL
2703,9,1,truck,automobile,00:00:00,TFL
2704,0,9,airplane,truck,00:00:00,TFL
2705,8,0,ship,airplane,00:00:00,TFL
2706,3,3,cat,cat,00:00:00,TFL
2707,6,6,frog,frog,00:00:00,TFL
2708,4,4,deer,deer,00:00:00,TFL
2709,6,6,frog,frog,00:00:00,TFL
2710,7,7,horse,horse,00:00:00,TFL
2711,5,5,dog,dog,00:00:00,TFL
2712,1,1,automobile,automobile,00:00:00,TFL
2713,8,8,ship,ship,00:00:00,TFL
2714,9,9,truck,truck,00:00:00,TFL
2715,0,0,airplane,airplane,00:00:00,TFL
2716,5,5,dog,dog,00:00:00,TFL
2717,0,0,airplane,airplane,00:00:00,TFL
2718,5,5,dog,dog,00:00:00,TFL
2719,4,3,deer,cat,00:00:00,TFL
2720,3,3,cat,cat,00:00:00,TFL
2721,8,8,ship,ship,00:00:00,TFL
2722,5,5,dog,dog,00:00:00,TFL
2723,2,4,bird,deer,00:00:00,TFL
2724,0,0,airplane,airplane,00:00:00,TFL
2725,8,8,ship,ship,00:00:00,TFL
2726,5,5,dog,dog,00:00:00,TFL
2727,9,9,truck,truck,00:00:00,TFL
2728,2,2,bird,bird,00:00:00,TFL
2729,5,3,dog,cat,00:00:00,TFL
2730,6,6,frog,frog,00:00:00,TFL
2731,5,7,dog,horse,00:00:00,TFL
2732,7,7,horse,horse,00:00:00,TFL
2733,3,4,cat,deer,00:00:00,TFL
2734,7,7,horse,horse,00:00:00,TFL
2735,2,2,bird,bird,00:00:00,TFL
2736,8,9,ship,truck,00:00:00,TFL
2737,8,0,ship,airplane,00:00:00,TFL
2738,4,4,deer,deer,00:00:00,TFL
2739,2,2,bird,bird,00:00:00,TFL
2740,1,1,automobile,automobile,00:00:00,TFL
2741,6,6,frog,frog,00:00:00,TFL
2742,2,2,bird,bird,00:00:00,TFL
2743,9,9,truck,truck,00:00:00,TFL
2744,9,9,truck,truck,00:00:00,TFL
2745,8,8,ship,ship,00:00:00,TFL
2746,2,7,bird,horse,00:00:00,TFL
2747,3,3,cat,cat,00:00:00,TFL
2748,1,1,automobile,automobile,00:00:00,TFL
2749,0,0,airplane,airplane,00:00:00,TFL
2750,5,5,dog,dog,00:00:00,TFL
2751,2,2,bird,bird,00:00:00,TFL
2752,3,3,cat,cat,00:00:00,TFL
2753,7,7,horse,horse,00:00:00,TFL
2754,9,9,truck,truck,00:00:00,TFL
2755,5,4,dog,deer,00:00:00,TFL
2756,9,9,truck,truck,00:00:00,TFL
2757,1,1,automobile,automobile,00:00:00,TFL
2758,1,1,automobile,automobile,00:00:00,TFL
2759,3,3,cat,cat,00:00:00,TFL
2760,2,2,bird,bird,00:00:00,TFL
2761,7,7,horse,horse,00:00:00,TFL
2762,4,4,deer,deer,00:00:00,TFL
2763,4,4,deer,deer,00:00:00,TFL
2764,1,1,automobile,automobile,00:00:00,TFL
2765,9,9,truck,truck,00:00:00,TFL
2766,4,4,deer,deer,00:00:00,TFL
2767,5,3,dog,cat,00:00:00,TFL
2768,5,5,dog,dog,00:00:00,TFL
2769,2,2,bird,bird,00:00:00,TFL
2770,7,5,horse,dog,00:00:00,TFL
2771,7,7,horse,horse,00:00:00,TFL
2772,6,6,frog,frog,00:00:00,TFL
2773,1,1,automobile,automobile,00:00:00,TFL
2774,2,2,bird,bird,00:00:00,TFL
2775,3,3,cat,cat,00:00:00,TFL
2776,7,7,horse,horse,00:00:00,TFL
2777,5,5,dog,dog,00:00:00,TFL
2778,4,4,deer,deer,00:00:00,TFL
2779,3,3,cat,cat,00:00:00,TFL
2780,7,7,horse,horse,00:00:00,TFL
2781,7,7,horse,horse,00:00:00,TFL
2782,0,0,airplane,airplane,00:00:00,TFL
2783,0,0,airplane,airplane,00:00:00,TFL
2784,1,1,automobile,automobile,00:00:00,TFL
2785,4,5,deer,dog,00:00:00,TFL
2786,4,4,deer,deer,00:00:00,TFL
2787,3,3,cat,cat,00:00:00,TFL
2788,7,3,horse,cat,00:00:00,TFL
2789,9,9,truck,truck,00:00:00,TFL
2790,8,8,ship,ship,00:00:00,TFL
2791,7,7,horse,horse,00:00:00,TFL
2792,0,0,airplane,airplane,00:00:00,TFL
2793,9,9,truck,truck,00:00:00,TFL
2794,0,0,airplane,airplane,00:00:00,TFL
2795,3,3,cat,cat,00:00:00,TFL
2796,7,7,horse,horse,00:00:00,TFL
2797,6,6,frog,frog,00:00:00,TFL
2798,3,5,cat,dog,00:00:00,TFL
2799,8,8,ship,ship,00:00:00,TFL
2800,4,4,deer,deer,00:00:00,TFL
2801,5,5,dog,dog,00:00:00,TFL
2802,6,6,frog,frog,00:00:00,TFL
2803,5,5,dog,dog,00:00:00,TFL
2804,3,7,cat,horse,00:00:00,TFL
2805,4,4,deer,deer,00:00:00,TFL
2806,2,2,bird,bird,00:00:00,TFL
2807,9,9,truck,truck,00:00:00,TFL
2808,2,3,bird,cat,00:00:00,TFL
2809,4,4,deer,deer,00:00:00,TFL
2810,9,0,truck,airplane,00:00:00,TFL
2811,2,2,bird,bird,00:00:00,TFL
2812,0,0,airplane,airplane,00:00:00,TFL
2813,1,1,automobile,automobile,00:00:00,TFL
2814,1,1,automobile,automobile,00:00:00,TFL
2815,3,3,cat,cat,00:00:00,TFL
2816,7,7,horse,horse,00:00:00,TFL
2817,9,9,truck,truck,00:00:00,TFL
2818,5,5,dog,dog,00:00:00,TFL
2819,1,1,automobile,automobile,00:00:00,TFL
2820,6,6,frog,frog,00:00:00,TFL
2821,0,7,airplane,horse,00:00:00,TFL
2822,3,3,cat,cat,00:00:00,TFL
2823,3,3,cat,cat,00:00:00,TFL
2824,7,7,horse,horse,00:00:00,TFL
2825,2,2,bird,bird,00:00:00,TFL
2826,4,4,deer,deer,00:00:00,TFL
2827,5,5,dog,dog,00:00:00,TFL
2828,2,2,bird,bird,00:00:00,TFL
2829,3,3,cat,cat,00:00:00,TFL
2830,6,6,frog,frog,00:00:00,TFL
2831,3,3,cat,cat,00:00:00,TFL
2832,3,3,cat,cat,00:00:00,TFL
2833,0,0,airplane,airplane,00:00:00,TFL
2834,4,4,deer,deer,00:00:00,TFL
2835,4,3,deer,cat,00:00:00,TFL
2836,3,3,cat,cat,00:00:00,TFL
2837,8,8,ship,ship,00:00:00,TFL
2838,1,1,automobile,automobile,00:00:00,TFL
2839,2,2,bird,bird,00:00:00,TFL
2840,3,3,cat,cat,00:00:00,TFL
2841,2,2,bird,bird,00:00:00,TFL
2842,7,7,horse,horse,00:00:00,TFL
2843,1,8,automobile,ship,00:00:00,TFL
2844,4,4,deer,deer,00:00:00,TFL
2845,5,5,dog,dog,00:00:00,TFL
2846,6,6,frog,frog,00:00:00,TFL
2847,8,8,ship,ship,00:00:00,TFL
2848,6,6,frog,frog,00:00:00,TFL
2849,6,6,frog,frog,00:00:00,TFL
2850,5,5,dog,dog,00:00:00,TFL
2851,4,4,deer,deer,00:00:00,TFL
2852,2,2,bird,bird,00:00:00,TFL
2853,9,9,truck,truck,00:00:00,TFL
2854,9,9,truck,truck,00:00:00,TFL
2855,3,4,cat,deer,00:00:00,TFL
2856,2,2,bird,bird,00:00:00,TFL
2857,0,0,airplane,airplane,00:00:00,TFL
2858,4,4,deer,deer,00:00:00,TFL
2859,1,1,automobile,automobile,00:00:00,TFL
2860,5,5,dog,dog,00:00:00,TFL
2861,5,5,dog,dog,00:00:00,TFL
2862,6,6,frog,frog,00:00:00,TFL
2863,6,6,frog,frog,00:00:00,TFL
2864,5,5,dog,dog,00:00:00,TFL
2865,6,6,frog,frog,00:00:00,TFL
2866,9,9,truck,truck,00:00:00,TFL
2867,7,7,horse,horse,00:00:00,TFL
2868,9,9,truck,truck,00:00:00,TFL
2869,4,0,deer,airplane,00:00:00,TFL
2870,8,8,ship,ship,00:00:00,TFL
2871,3,3,cat,cat,00:00:00,TFL
2872,1,1,automobile,automobile,00:00:00,TFL
2873,9,9,truck,truck,00:00:00,TFL
2874,8,8,ship,ship,00:00:00,TFL
2875,1,1,automobile,automobile,00:00:00,TFL
2876,9,9,truck,truck,00:00:00,TFL
2877,0,0,airplane,airplane,00:00:00,TFL
2878,3,3,cat,cat,00:00:00,TFL
2879,0,0,airplane,airplane,00:00:00,TFL
2880,4,4,deer,deer,00:00:00,TFL
2881,7,7,horse,horse,00:00:00,TFL
2882,7,7,horse,horse,00:00:00,TFL
2883,2,2,bird,bird,00:00:00,TFL
2884,6,3,frog,cat,00:00:00,TFL
2885,5,5,dog,dog,00:00:00,TFL
2886,6,6,frog,frog,00:00:00,TFL
2887,9,9,truck,truck,00:00:00,TFL
2888,7,3,horse,cat,00:00:00,TFL
2889,7,7,horse,horse,00:00:00,TFL
2890,5,3,dog,cat,00:00:00,TFL
2891,7,7,horse,horse,00:00:00,TFL
2892,0,0,airplane,airplane,00:00:00,TFL
2893,8,8,ship,ship,00:00:00,TFL
2894,6,6,frog,frog,00:00:00,TFL
2895,7,5,horse,dog,00:00:00,TFL
2896,8,8,ship,ship,00:00:00,TFL
2897,3,3,cat,cat,00:00:00,TFL
2898,8,8,ship,ship,00:00:00,TFL
2899,9,9,truck,truck,00:00:00,TFL
2900,3,7,cat,horse,00:00:00,TFL
2901,2,2,bird,bird,00:00:00,TFL
2902,9,9,truck,truck,00:00:00,TFL
2903,2,2,bird,bird,00:00:00,TFL
2904,7,7,horse,horse,00:00:00,TFL
2905,4,4,deer,deer,00:00:00,TFL
2906,1,1,automobile,automobile,00:00:00,TFL
2907,9,9,truck,truck,00:00:00,TFL
2908,7,7,horse,horse,00:00:00,TFL
2909,0,0,airplane,airplane,00:00:00,TFL
2910,8,0,ship,airplane,00:00:00,TFL
2911,1,1,automobile,automobile,00:00:00,TFL
2912,2,2,bird,bird,00:00:00,TFL
2913,0,0,airplane,airplane,00:00:00,TFL
2914,6,6,frog,frog,00:00:00,TFL
2915,5,5,dog,dog,00:00:00,TFL
2916,1,1,automobile,automobile,00:00:00,TFL
2917,4,4,deer,deer,00:00:00,TFL
2918,2,2,bird,bird,00:00:00,TFL
2919,8,8,ship,ship,00:00:00,TFL
2920,2,2,bird,bird,00:00:00,TFL
2921,8,8,ship,ship,00:00:00,TFL
2922,3,3,cat,cat,00:00:00,TFL
2923,3,5,cat,dog,00:00:00,TFL
2924,1,1,automobile,automobile,00:00:00,TFL
2925,4,4,deer,deer,00:00:00,TFL
2926,9,9,truck,truck,00:00:00,TFL
2927,8,8,ship,ship,00:00:00,TFL
2928,1,1,automobile,automobile,00:00:00,TFL
2929,1,1,automobile,automobile,00:00:00,TFL
2930,7,7,horse,horse,00:00:00,TFL
2931,9,9,truck,truck,00:00:00,TFL
2932,9,9,truck,truck,00:00:00,TFL
2933,4,4,deer,deer,00:00:00,TFL
2934,6,6,frog,frog,00:00:00,TFL
2935,8,8,ship,ship,00:00:00,TFL
2936,5,5,dog,dog,00:00:00,TFL
2937,3,5,cat,dog,00:00:00,TFL
2938,2,2,bird,bird,00:00:00,TFL
2939,2,2,bird,bird,00:00:00,TFL
2940,3,0,cat,airplane,00:00:00,TFL
2941,8,5,ship,dog,00:00:00,TFL
2942,5,5,dog,dog,00:00:00,TFL
2943,1,1,automobile,automobile,00:00:00,TFL
2944,9,9,truck,truck,00:00:00,TFL
2945,7,7,horse,horse,00:00:00,TFL
2946,9,9,truck,truck,00:00:00,TFL
2947,1,1,automobile,automobile,00:00:00,TFL
2948,5,3,dog,cat,00:00:00,TFL
2949,3,3,cat,cat,00:00:00,TFL
2950,1,1,automobile,automobile,00:00:00,TFL
2951,0,0,airplane,airplane,00:00:00,TFL
2952,3,3,cat,cat,00:00:00,TFL
2953,8,8,ship,ship,00:00:00,TFL
2954,9,9,truck,truck,00:00:00,TFL
2955,2,2,bird,bird,00:00:00,TFL
2956,0,0,airplane,airplane,00:00:00,TFL
2957,8,8,ship,ship,00:00:00,TFL
2958,0,8,airplane,ship,00:00:00,TFL
2959,7,4,horse,deer,00:00:00,TFL
2960,9,9,truck,truck,00:00:00,TFL
2961,4,4,deer,deer,00:00:00,TFL
2962,8,8,ship,ship,00:00:00,TFL
2963,3,5,cat,dog,00:00:00,TFL
2964,0,0,airplane,airplane,00:00:00,TFL
2965,7,7,horse,horse,00:00:00,TFL
2966,0,0,airplane,airplane,00:00:00,TFL
2967,7,7,horse,horse,00:00:00,TFL
2968,0,0,airplane,airplane,00:00:00,TFL
2969,5,5,dog,dog,00:00:00,TFL
2970,5,5,dog,dog,00:00:00,TFL
2971,4,4,deer,deer,00:00:00,TFL
2972,3,3,cat,cat,00:00:00,TFL
2973,0,0,airplane,airplane,00:00:00,TFL
2974,9,6,truck,frog,00:00:00,TFL
2975,9,2,truck,bird,00:00:00,TFL
2976,0,3,airplane,cat,00:00:00,TFL
2977,2,3,bird,cat,00:00:00,TFL
2978,2,7,bird,horse,00:00:00,TFL
2979,0,0,airplane,airplane,00:00:00,TFL
2980,8,8,ship,ship,00:00:00,TFL
2981,4,4,deer,deer,00:00:00,TFL
2982,4,4,deer,deer,00:00:00,TFL
2983,5,5,dog,dog,00:00:00,TFL
2984,2,2,bird,bird,00:00:00,TFL
2985,2,8,bird,ship,00:00:00,TFL
2986,1,1,automobile,automobile,00:00:00,TFL
2987,1,0,automobile,airplane,00:00:00,TFL
2988,5,3,dog,cat,00:00:00,TFL
2989,5,6,dog,frog,00:00:00,TFL
2990,4,4,deer,deer,00:00:00,TFL
2991,3,3,cat,cat,00:00:00,TFL
2992,4,4,deer,deer,00:00:00,TFL
2993,0,0,airplane,airplane,00:00:00,TFL
2994,8,8,ship,ship,00:00:00,TFL
2995,4,4,deer,deer,00:00:00,TFL
2996,8,8,ship,ship,00:00:00,TFL
2997,2,5,bird,dog,00:00:00,TFL
2998,5,5,dog,dog,00:00:00,TFL
2999,6,6,frog,frog,00:00:00,TFL
3000,5,5,dog,dog,00:00:00,TFL
3001,1,1,automobile,automobile,00:00:00,TFL
3002,7,7,horse,horse,00:00:00,TFL
3003,2,2,bird,bird,00:00:00,TFL
3004,4,4,deer,deer,00:00:00,TFL
3005,0,2,airplane,bird,00:00:00,TFL
3006,5,5,dog,dog,00:00:00,TFL
3007,6,6,frog,frog,00:00:00,TFL
3008,8,8,ship,ship,00:00:00,TFL
3009,7,7,horse,horse,00:00:00,TFL
3010,6,6,frog,frog,00:00:00,TFL
3011,3,3,cat,cat,00:00:00,TFL
3012,1,1,automobile,automobile,00:00:00,TFL
3013,3,7,cat,horse,00:00:00,TFL
3014,6,3,frog,cat,00:00:00,TFL
3015,6,6,frog,frog,00:00:00,TFL
3016,4,4,deer,deer,00:00:00,TFL
3017,5,5,dog,dog,00:00:00,TFL
3018,5,5,dog,dog,00:00:00,TFL
3019,5,5,dog,dog,00:00:00,TFL
3020,1,1,automobile,automobile,00:00:00,TFL
3021,8,8,ship,ship,00:00:00,TFL
3022,7,7,horse,horse,00:00:00,TFL
3023,3,3,cat,cat,00:00:00,TFL
3024,0,0,airplane,airplane,00:00:00,TFL
3025,2,6,bird,frog,00:00:00,TFL
3026,5,4,dog,deer,00:00:00,TFL
3027,1,1,automobile,automobile,00:00:00,TFL
3028,1,1,automobile,automobile,00:00:00,TFL
3029,1,1,automobile,automobile,00:00:00,TFL
3030,6,6,frog,frog,00:00:00,TFL
3031,7,7,horse,horse,00:00:00,TFL
3032,2,4,bird,deer,00:00:00,TFL
3033,1,1,automobile,automobile,00:00:00,TFL
3034,2,2,bird,bird,00:00:00,TFL
3035,3,3,cat,cat,00:00:00,TFL
3036,9,9,truck,truck,00:00:00,TFL
3037,8,8,ship,ship,00:00:00,TFL
3038,3,5,cat,dog,00:00:00,TFL
3039,1,1,automobile,automobile,00:00:00,TFL
3040,7,7,horse,horse,00:00:00,TFL
3041,4,4,deer,deer,00:00:00,TFL
3042,8,8,ship,ship,00:00:00,TFL
3043,4,4,deer,deer,00:00:00,TFL
3044,7,7,horse,horse,00:00:00,TFL
3045,5,5,dog,dog,00:00:00,TFL
3046,8,8,ship,ship,00:00:00,TFL
3047,6,6,frog,frog,00:00:00,TFL
3048,0,0,airplane,airplane,00:00:00,TFL
3049,3,5,cat,dog,00:00:00,TFL
3050,0,0,airplane,airplane,00:00:00,TFL
3051,8,3,ship,cat,00:00:00,TFL
3052,3,2,cat,bird,00:00:00,TFL
3053,4,4,deer,deer,00:00:00,TFL
3054,4,4,deer,deer,00:00:00,TFL
3055,9,9,truck,truck,00:00:00,TFL
3056,4,5,deer,dog,00:00:00,TFL
3057,6,6,frog,frog,00:00:00,TFL
3058,1,1,automobile,automobile,00:00:00,TFL
3059,5,3,dog,cat,00:00:00,TFL
3060,7,7,horse,horse,00:00:00,TFL
3061,7,7,horse,horse,00:00:00,TFL
3062,9,9,truck,truck,00:00:00,TFL
3063,0,2,airplane,bird,00:00:00,TFL
3064,1,1,automobile,automobile,00:00:00,TFL
3065,3,3,cat,cat,00:00:00,TFL
3066,1,1,automobile,automobile,00:00:00,TFL
3067,3,5,cat,dog,00:00:00,TFL
3068,2,0,bird,airplane,00:00:00,TFL
3069,4,4,deer,deer,00:00:00,TFL
3070,0,0,airplane,airplane,00:00:00,TFL
3071,7,7,horse,horse,00:00:00,TFL
3072,8,8,ship,ship,00:00:00,TFL
3073,3,5,cat,dog,00:00:00,TFL
3074,1,1,automobile,automobile,00:00:00,TFL
3075,6,3,frog,cat,00:00:00,TFL
3076,2,2,bird,bird,00:00:00,TFL
3077,1,1,automobile,automobile,00:00:00,TFL
3078,8,8,ship,ship,00:00:00,TFL
3079,8,8,ship,ship,00:00:00,TFL
3080,1,1,automobile,automobile,00:00:00,TFL
3081,9,9,truck,truck,00:00:00,TFL
3082,7,7,horse,horse,00:00:00,TFL
3083,5,3,dog,cat,00:00:00,TFL
3084,3,5,cat,dog,00:00:00,TFL
3085,2,6,bird,frog,00:00:00,TFL
3086,9,9,truck,truck,00:00:00,TFL
3087,0,0,airplane,airplane,00:00:00,TFL
3088,6,6,frog,frog,00:00:00,TFL
3089,8,8,ship,ship,00:00:00,TFL
3090,4,4,deer,deer,00:00:00,TFL
3091,1,1,automobile,automobile,00:00:00,TFL
3092,5,7,dog,horse,00:00:00,TFL
3093,7,7,horse,horse,00:00:00,TFL
3094,2,0,bird,airplane,00:00:00,TFL
3095,4,6,deer,frog,00:00:00,TFL
3096,7,7,horse,horse,00:00:00,TFL
3097,0,0,airplane,airplane,00:00:00,TFL
3098,4,4,deer,deer,00:00:00,TFL
3099,9,9,truck,truck,00:00:00,TFL
3100,0,0,airplane,airplane,00:00:00,TFL
3101,7,7,horse,horse,00:00:00,TFL
3102,0,4,airplane,deer,00:00:00,TFL
3103,6,2,frog,bird,00:00:00,TFL
3104,7,7,horse,horse,00:00:00,TFL
3105,1,1,automobile,automobile,00:00:00,TFL
3106,8,8,ship,ship,00:00:00,TFL
3107,5,5,dog,dog,00:00:00,TFL
3108,8,8,ship,ship,00:00:00,TFL
3109,8,8,ship,ship,00:00:00,TFL
3110,7,2,horse,bird,00:00:00,TFL
3111,0,0,airplane,airplane,00:00:00,TFL
3112,0,0,airplane,airplane,00:00:00,TFL
3113,3,3,cat,cat,00:00:00,TFL
3114,2,2,bird,bird,00:00:00,TFL
3115,5,3,dog,cat,00:00:00,TFL
3116,7,7,horse,horse,00:00:00,TFL
3117,0,0,airplane,airplane,00:00:00,TFL
3118,6,6,frog,frog,00:00:00,TFL
3119,4,4,deer,deer,00:00:00,TFL
3120,4,4,deer,deer,00:00:00,TFL
3121,9,9,truck,truck,00:00:00,TFL
3122,1,1,automobile,automobile,00:00:00,TFL
3123,8,8,ship,ship,00:00:00,TFL
3124,6,6,frog,frog,00:00:00,TFL
3125,3,3,cat,cat,00:00:00,TFL
3126,9,9,truck,truck,00:00:00,TFL
3127,4,4,deer,deer,00:00:00,TFL
3128,9,9,truck,truck,00:00:00,TFL
3129,3,3,cat,cat,00:00:00,TFL
3130,3,5,cat,dog,00:00:00,TFL
3131,7,7,horse,horse,00:00:00,TFL
3132,5,5,dog,dog,00:00:00,TFL
3133,9,9,truck,truck,00:00:00,TFL
3134,7,7,horse,horse,00:00:00,TFL
3135,7,5,horse,dog,00:00:00,TFL
3136,4,4,deer,deer,00:00:00,TFL
3137,5,5,dog,dog,00:00:00,TFL
3138,8,8,ship,ship,00:00:00,TFL
3139,2,2,bird,bird,00:00:00,TFL
3140,8,8,ship,ship,00:00:00,TFL
3141,9,9,truck,truck,00:00:00,TFL
3142,5,5,dog,dog,00:00:00,TFL
3143,3,3,cat,cat,00:00:00,TFL
3144,1,1,automobile,automobile,00:00:00,TFL
3145,9,9,truck,truck,00:00:00,TFL
3146,2,6,bird,frog,00:00:00,TFL
3147,2,2,bird,bird,00:00:00,TFL
3148,0,0,airplane,airplane,00:00:00,TFL
3149,1,1,automobile,automobile,00:00:00,TFL
3150,1,9,automobile,truck,00:00:00,TFL
3151,8,8,ship,ship,00:00:00,TFL
3152,1,1,automobile,automobile,00:00:00,TFL
3153,1,1,automobile,automobile,00:00:00,TFL
3154,9,0,truck,airplane,00:00:00,TFL
3155,8,8,ship,ship,00:00:00,TFL
3156,9,9,truck,truck,00:00:00,TFL
3157,9,9,truck,truck,00:00:00,TFL
3158,0,8,airplane,ship,00:00:00,TFL
3159,2,2,bird,bird,00:00:00,TFL
3160,6,4,frog,deer,00:00:00,TFL
3161,9,9,truck,truck,00:00:00,TFL
3162,1,1,automobile,automobile,00:00:00,TFL
3163,9,9,truck,truck,00:00:00,TFL
3164,0,2,airplane,bird,00:00:00,TFL
3165,1,1,automobile,automobile,00:00:00,TFL
3166,9,9,truck,truck,00:00:00,TFL
3167,2,2,bird,bird,00:00:00,TFL
3168,9,9,truck,truck,00:00:00,TFL
3169,9,9,truck,truck,00:00:00,TFL
3170,9,9,truck,truck,00:00:00,TFL
3171,0,1,airplane,automobile,00:00:00,TFL
3172,9,9,truck,truck,00:00:00,TFL
3173,9,9,truck,truck,00:00:00,TFL
3174,2,2,bird,bird,00:00:00,TFL
3175,1,1,automobile,automobile,00:00:00,TFL
3176,7,7,horse,horse,00:00:00,TFL
3177,0,0,airplane,airplane,00:00:00,TFL
3178,5,5,dog,dog,00:00:00,TFL
3179,6,6,frog,frog,00:00:00,TFL
3180,3,6,cat,frog,00:00:00,TFL
3181,9,9,truck,truck,00:00:00,TFL
3182,8,8,ship,ship,00:00:00,TFL
3183,3,3,cat,cat,00:00:00,TFL
3184,0,0,airplane,airplane,00:00:00,TFL
3185,2,6,bird,frog,00:00:00,TFL
3186,7,0,horse,airplane,00:00:00,TFL
3187,7,7,horse,horse,00:00:00,TFL
3188,4,4,deer,deer,00:00:00,TFL
3189,8,8,ship,ship,00:00:00,TFL
3190,3,3,cat,cat,00:00:00,TFL
3191,0,0,airplane,airplane,00:00:00,TFL
3192,5,4,dog,deer,00:00:00,TFL
3193,2,2,bird,bird,00:00:00,TFL
3194,3,3,cat,cat,00:00:00,TFL
3195,5,5,dog,dog,00:00:00,TFL
3196,7,7,horse,horse,00:00:00,TFL
3197,6,6,frog,frog,00:00:00,TFL
3198,6,6,frog,frog,00:00:00,TFL
3199,6,6,frog,frog,00:00:00,TFL
3200,5,5,dog,dog,00:00:00,TFL
3201,6,3,frog,cat,00:00:00,TFL
3202,5,3,dog,cat,00:00:00,TFL
3203,4,4,deer,deer,00:00:00,TFL
3204,5,3,dog,cat,00:00:00,TFL
3205,8,8,ship,ship,00:00:00,TFL
3206,8,8,ship,ship,00:00:00,TFL
3207,0,3,airplane,cat,00:00:00,TFL
3208,9,9,truck,truck,00:00:00,TFL
3209,7,3,horse,cat,00:00:00,TFL
3210,9,9,truck,truck,00:00:00,TFL
3211,0,9,airplane,truck,00:00:00,TFL
3212,6,6,frog,frog,00:00:00,TFL
3213,9,9,truck,truck,00:00:00,TFL
3214,6,6,frog,frog,00:00:00,TFL
3215,1,1,automobile,automobile,00:00:00,TFL
3216,4,3,deer,cat,00:00:00,TFL
3217,7,7,horse,horse,00:00:00,TFL
3218,9,8,truck,ship,00:00:00,TFL
3219,0,9,airplane,truck,00:00:00,TFL
3220,3,3,cat,cat,00:00:00,TFL
3221,5,5,dog,dog,00:00:00,TFL
3222,4,4,deer,deer,00:00:00,TFL
3223,7,7,horse,horse,00:00:00,TFL
3224,6,6,frog,frog,00:00:00,TFL
3225,9,9,truck,truck,00:00:00,TFL
3226,8,8,ship,ship,00:00:00,TFL
3227,2,2,bird,bird,00:00:00,TFL
3228,3,3,cat,cat,00:00:00,TFL
3229,9,9,truck,truck,00:00:00,TFL
3230,3,3,cat,cat,00:00:00,TFL
3231,3,3,cat,cat,00:00:00,TFL
3232,7,0,horse,airplane,00:00:00,TFL
3233,8,8,ship,ship,00:00:00,TFL
3234,3,3,cat,cat,00:00:00,TFL
3235,5,5,dog,dog,00:00:00,TFL
3236,5,5,dog,dog,00:00:00,TFL
3237,9,9,truck,truck,00:00:00,TFL
3238,6,6,frog,frog,00:00:00,TFL
3239,1,1,automobile,automobile,00:00:00,TFL
3240,4,3,deer,cat,00:00:00,TFL
3241,7,7,horse,horse,00:00:00,TFL
3242,4,4,deer,deer,00:00:00,TFL
3243,8,8,ship,ship,00:00:00,TFL
3244,7,7,horse,horse,00:00:00,TFL
3245,7,7,horse,horse,00:00:00,TFL
3246,1,0,automobile,airplane,00:00:00,TFL
3247,3,3,cat,cat,00:00:00,TFL
3248,0,0,airplane,airplane,00:00:00,TFL
3249,3,3,cat,cat,00:00:00,TFL
3250,2,2,bird,bird,00:00:00,TFL
3251,5,3,dog,cat,00:00:00,TFL
3252,4,4,deer,deer,00:00:00,TFL
3253,9,1,truck,automobile,00:00:00,TFL
3254,3,3,cat,cat,00:00:00,TFL
3255,5,5,dog,dog,00:00:00,TFL
3256,4,4,deer,deer,00:00:00,TFL
3257,7,7,horse,horse,00:00:00,TFL
3258,0,0,airplane,airplane,00:00:00,TFL
3259,3,3,cat,cat,00:00:00,TFL
3260,7,7,horse,horse,00:00:00,TFL
3261,0,0,airplane,airplane,00:00:00,TFL
3262,2,3,bird,cat,00:00:00,TFL
3263,1,1,automobile,automobile,00:00:00,TFL
3264,5,0,dog,airplane,00:00:00,TFL
3265,8,8,ship,ship,00:00:00,TFL
3266,7,7,horse,horse,00:00:00,TFL
3267,3,3,cat,cat,00:00:00,TFL
3268,5,5,dog,dog,00:00:00,TFL
3269,7,7,horse,horse,00:00:00,TFL
3270,8,8,ship,ship,00:00:00,TFL
3271,5,5,dog,dog,00:00:00,TFL
3272,7,7,horse,horse,00:00:00,TFL
3273,8,8,ship,ship,00:00:00,TFL
3274,1,1,automobile,automobile,00:00:00,TFL
3275,5,3,dog,cat,00:00:00,TFL
3276,4,4,deer,deer,00:00:00,TFL
3277,7,7,horse,horse,00:00:00,TFL
3278,0,0,airplane,airplane,00:00:00,TFL
3279,8,8,ship,ship,00:00:00,TFL
3280,3,3,cat,cat,00:00:00,TFL
3281,2,2,bird,bird,00:00:00,TFL
3282,9,9,truck,truck,00:00:00,TFL
3283,7,6,horse,frog,00:00:00,TFL
3284,4,4,deer,deer,00:00:00,TFL
3285,1,1,automobile,automobile,00:00:00,TFL
3286,6,6,frog,frog,00:00:00,TFL
3287,5,5,dog,dog,00:00:00,TFL
3288,9,9,truck,truck,00:00:00,TFL
3289,8,8,ship,ship,00:00:00,TFL
3290,5,5,dog,dog,00:00:00,TFL
3291,5,5,dog,dog,00:00:00,TFL
3292,4,4,deer,deer,00:00:00,TFL
3293,1,1,automobile,automobile,00:00:00,TFL
3294,0,0,airplane,airplane,00:00:00,TFL
3295,9,9,truck,truck,00:00:00,TFL
3296,4,4,deer,deer,00:00:00,TFL
3297,4,3,deer,cat,00:00:00,TFL
3298,3,3,cat,cat,00:00:00,TFL
3299,0,6,airplane,frog,00:00:00,TFL
3300,4,4,deer,deer,00:00:00,TFL
3301,8,8,ship,ship,00:00:00,TFL
3302,0,0,airplane,airplane,00:00:00,TFL
3303,8,8,ship,ship,00:00:00,TFL
3304,2,2,bird,bird,00:00:00,TFL
3305,9,9,truck,truck,00:00:00,TFL
3306,5,4,dog,deer,00:00:00,TFL
3307,9,9,truck,truck,00:00:00,TFL
3308,7,7,horse,horse,00:00:00,TFL
3309,4,4,deer,deer,00:00:00,TFL
3310,6,6,frog,frog,00:00:00,TFL
3311,7,6,horse,frog,00:00:00,TFL
3312,9,9,truck,truck,00:00:00,TFL
3313,2,2,bird,bird,00:00:00,TFL
3314,9,9,truck,truck,00:00:00,TFL
3315,3,3,cat,cat,00:00:00,TFL
3316,7,7,horse,horse,00:00:00,TFL
3317,7,7,horse,horse,00:00:00,TFL
3318,8,8,ship,ship,00:00:00,TFL
3319,2,2,bird,bird,00:00:00,TFL
3320,2,9,bird,truck,00:00:00,TFL
3321,0,1,airplane,automobile,00:00:00,TFL
3322,2,2,bird,bird,00:00:00,TFL
3323,5,5,dog,dog,00:00:00,TFL
3324,3,4,cat,deer,00:00:00,TFL
3325,6,6,frog,frog,00:00:00,TFL
3326,4,4,deer,deer,00:00:00,TFL
3327,7,7,horse,horse,00:00:00,TFL
3328,2,2,bird,bird,00:00:00,TFL
3329,3,3,cat,cat,00:00:00,TFL
3330,7,7,horse,horse,00:00:00,TFL
3331,8,8,ship,ship,00:00:00,TFL
3332,7,4,horse,deer,00:00:00,TFL
3333,2,2,bird,bird,00:00:00,TFL
3334,5,5,dog,dog,00:00:00,TFL
3335,0,0,airplane,airplane,00:00:00,TFL
3336,0,9,airplane,truck,00:00:00,TFL
3337,7,7,horse,horse,00:00:00,TFL
3338,0,0,airplane,airplane,00:00:00,TFL
3339,9,3,truck,cat,00:00:00,TFL
3340,6,6,frog,frog,00:00:00,TFL
3341,1,1,automobile,automobile,00:00:00,TFL
3342,0,8,airplane,ship,00:00:00,TFL
3343,3,5,cat,dog,00:00:00,TFL
3344,9,9,truck,truck,00:00:00,TFL
3345,7,7,horse,horse,00:00:00,TFL
3346,4,4,deer,deer,00:00:00,TFL
3347,9,9,truck,truck,00:00:00,TFL
3348,1,1,automobile,automobile,00:00:00,TFL
3349,6,6,frog,frog,00:00:00,TFL
3350,8,8,ship,ship,00:00:00,TFL
3351,1,1,automobile,automobile,00:00:00,TFL
3352,2,3,bird,cat,00:00:00,TFL
3353,3,3,cat,cat,00:00:00,TFL
3354,3,8,cat,ship,00:00:00,TFL
3355,5,5,dog,dog,00:00:00,TFL
3356,4,7,deer,horse,00:00:00,TFL
3357,8,3,ship,cat,00:00:00,TFL
3358,9,9,truck,truck,00:00:00,TFL
3359,7,4,horse,deer,00:00:00,TFL
3360,4,4,deer,deer,00:00:00,TFL
3361,4,4,deer,deer,00:00:00,TFL
3362,1,1,automobile,automobile,00:00:00,TFL
3363,2,6,bird,frog,00:00:00,TFL
3364,4,4,deer,deer,00:00:00,TFL
3365,9,9,truck,truck,00:00:00,TFL
3366,8,0,ship,airplane,00:00:00,TFL
3367,7,7,horse,horse,00:00:00,TFL
3368,9,9,truck,truck,00:00:00,TFL
3369,5,3,dog,cat,00:00:00,TFL
3370,1,1,automobile,automobile,00:00:00,TFL
3371,2,2,bird,bird,00:00:00,TFL
3372,1,1,automobile,automobile,00:00:00,TFL
3373,6,3,frog,cat,00:00:00,TFL
3374,6,6,frog,frog,00:00:00,TFL
3375,4,4,deer,deer,00:00:00,TFL
3376,5,5,dog,dog,00:00:00,TFL
3377,7,7,horse,horse,00:00:00,TFL
3378,4,4,deer,deer,00:00:00,TFL
3379,5,5,dog,dog,00:00:00,TFL
3380,8,8,ship,ship,00:00:00,TFL
3381,5,3,dog,cat,00:00:00,TFL
3382,2,4,bird,deer,00:00:00,TFL
3383,8,8,ship,ship,00:00:00,TFL
3384,7,7,horse,horse,00:00:00,TFL
3385,8,8,ship,ship,00:00:00,TFL
3386,2,2,bird,bird,00:00:00,TFL
3387,3,3,cat,cat,00:00:00,TFL
3388,6,6,frog,frog,00:00:00,TFL
3389,1,1,automobile,automobile,00:00:00,TFL
3390,3,5,cat,dog,00:00:00,TFL
3391,3,3,cat,cat,00:00:00,TFL
3392,1,1,automobile,automobile,00:00:00,TFL
3393,5,5,dog,dog,00:00:00,TFL
3394,1,1,automobile,automobile,00:00:00,TFL
3395,9,9,truck,truck,00:00:00,TFL
3396,0,0,airplane,airplane,00:00:00,TFL
3397,9,9,truck,truck,00:00:00,TFL
3398,2,2,bird,bird,00:00:00,TFL
3399,0,0,airplane,airplane,00:00:00,TFL
3400,6,8,frog,ship,00:00:00,TFL
3401,2,2,bird,bird,00:00:00,TFL
3402,4,4,deer,deer,00:00:00,TFL
3403,8,8,ship,ship,00:00:00,TFL
3404,5,5,dog,dog,00:00:00,TFL
3405,7,7,horse,horse,00:00:00,TFL
3406,6,6,frog,frog,00:00:00,TFL
3407,1,1,automobile,automobile,00:00:00,TFL
3408,2,2,bird,bird,00:00:00,TFL
3409,9,9,truck,truck,00:00:00,TFL
3410,4,4,deer,deer,00:00:00,TFL
3411,5,5,dog,dog,00:00:00,TFL
3412,0,0,airplane,airplane,00:00:00,TFL
3413,3,3,cat,cat,00:00:00,TFL
3414,3,5,cat,dog,00:00:00,TFL
3415,7,7,horse,horse,00:00:00,TFL
3416,7,3,horse,cat,00:00:00,TFL
3417,7,4,horse,deer,00:00:00,TFL
3418,1,1,automobile,automobile,00:00:00,TFL
3419,4,4,deer,deer,00:00:00,TFL
3420,5,3,dog,cat,00:00:00,TFL
3421,0,0,airplane,airplane,00:00:00,TFL
3422,2,5,bird,dog,00:00:00,TFL
3423,8,8,ship,ship,00:00:00,TFL
3424,5,5,dog,dog,00:00:00,TFL
3425,0,0,airplane,airplane,00:00:00,TFL
3426,0,0,airplane,airplane,00:00:00,TFL
3427,6,6,frog,frog,00:00:00,TFL
3428,2,3,bird,cat,00:00:00,TFL
3429,0,2,airplane,bird,00:00:00,TFL
3430,8,0,ship,airplane,00:00:00,TFL
3431,4,4,deer,deer,00:00:00,TFL
3432,5,5,dog,dog,00:00:00,TFL
3433,4,5,deer,dog,00:00:00,TFL
3434,5,5,dog,dog,00:00:00,TFL
3435,6,6,frog,frog,00:00:00,TFL
3436,4,4,deer,deer,00:00:00,TFL
3437,7,7,horse,horse,00:00:00,TFL
3438,9,9,truck,truck,00:00:00,TFL
3439,4,4,deer,deer,00:00:00,TFL
3440,2,3,bird,cat,00:00:00,TFL
3441,0,0,airplane,airplane,00:00:00,TFL
3442,6,3,frog,cat,00:00:00,TFL
3443,4,4,deer,deer,00:00:00,TFL
3444,0,2,airplane,bird,00:00:00,TFL
3445,0,0,airplane,airplane,00:00:00,TFL
3446,6,5,frog,dog,00:00:00,TFL
3447,4,4,deer,deer,00:00:00,TFL
3448,6,6,frog,frog,00:00:00,TFL
3449,1,1,automobile,automobile,00:00:00,TFL
3450,9,1,truck,automobile,00:00:00,TFL
3451,5,5,dog,dog,00:00:00,TFL
3452,5,3,dog,cat,00:00:00,TFL
3453,2,2,bird,bird,00:00:00,TFL
3454,2,2,bird,bird,00:00:00,TFL
3455,6,6,frog,frog,00:00:00,TFL
3456,3,3,cat,cat,00:00:00,TFL
3457,4,4,deer,deer,00:00:00,TFL
3458,5,5,dog,dog,00:00:00,TFL
3459,9,9,truck,truck,00:00:00,TFL
3460,1,1,automobile,automobile,00:00:00,TFL
3461,7,3,horse,cat,00:00:00,TFL
3462,2,2,bird,bird,00:00:00,TFL
3463,3,3,cat,cat,00:00:00,TFL
3464,9,9,truck,truck,00:00:00,TFL
3465,6,6,frog,frog,00:00:00,TFL
3466,5,5,dog,dog,00:00:00,TFL
3467,0,0,airplane,airplane,00:00:00,TFL
3468,2,2,bird,bird,00:00:00,TFL
3469,9,9,truck,truck,00:00:00,TFL
3470,7,7,horse,horse,00:00:00,TFL
3471,1,1,automobile,automobile,00:00:00,TFL
3472,7,7,horse,horse,00:00:00,TFL
3473,2,2,bird,bird,00:00:00,TFL
3474,2,2,bird,bird,00:00:00,TFL
3475,0,0,airplane,airplane,00:00:00,TFL
3476,8,8,ship,ship,00:00:00,TFL
3477,6,6,frog,frog,00:00:00,TFL
3478,4,4,deer,deer,00:00:00,TFL
3479,3,3,cat,cat,00:00:00,TFL
3480,2,2,bird,bird,00:00:00,TFL
3481,7,4,horse,deer,00:00:00,TFL
3482,7,7,horse,horse,00:00:00,TFL
3483,0,0,airplane,airplane,00:00:00,TFL
3484,4,4,deer,deer,00:00:00,TFL
3485,1,1,automobile,automobile,00:00:00,TFL
3486,6,6,frog,frog,00:00:00,TFL
3487,5,5,dog,dog,00:00:00,TFL
3488,1,1,automobile,automobile,00:00:00,TFL
3489,3,3,cat,cat,00:00:00,TFL
3490,0,0,airplane,airplane,00:00:00,TFL
3491,3,5,cat,dog,00:00:00,TFL
3492,9,9,truck,truck,00:00:00,TFL
3493,0,0,airplane,airplane,00:00:00,TFL
3494,0,9,airplane,truck,00:00:00,TFL
3495,2,2,bird,bird,00:00:00,TFL
3496,5,0,dog,airplane,00:00:00,TFL
3497,0,1,airplane,automobile,00:00:00,TFL
3498,4,4,deer,deer,00:00:00,TFL
3499,0,0,airplane,airplane,00:00:00,TFL
3500,1,1,automobile,automobile,00:00:00,TFL
3501,9,1,truck,automobile,00:00:00,TFL
3502,8,7,ship,horse,00:00:00,TFL
3503,4,4,deer,deer,00:00:00,TFL
3504,9,9,truck,truck,00:00:00,TFL
3505,4,4,deer,deer,00:00:00,TFL
3506,2,6,bird,frog,00:00:00,TFL
3507,4,4,deer,deer,00:00:00,TFL
3508,3,3,cat,cat,00:00:00,TFL
3509,3,3,cat,cat,00:00:00,TFL
3510,4,4,deer,deer,00:00:00,TFL
3511,0,8,airplane,ship,00:00:00,TFL
3512,4,4,deer,deer,00:00:00,TFL
3513,3,3,cat,cat,00:00:00,TFL
3514,2,3,bird,cat,00:00:00,TFL
3515,8,8,ship,ship,00:00:00,TFL
3516,9,9,truck,truck,00:00:00,TFL
3517,1,1,automobile,automobile,00:00:00,TFL
3518,5,5,dog,dog,00:00:00,TFL
3519,8,8,ship,ship,00:00:00,TFL
3520,1,1,automobile,automobile,00:00:00,TFL
3521,8,8,ship,ship,00:00:00,TFL
3522,2,2,bird,bird,00:00:00,TFL
3523,4,4,deer,deer,00:00:00,TFL
3524,5,4,dog,deer,00:00:00,TFL
3525,2,6,bird,frog,00:00:00,TFL
3526,4,4,deer,deer,00:00:00,TFL
3527,1,1,automobile,automobile,00:00:00,TFL
3528,1,1,automobile,automobile,00:00:00,TFL
3529,6,6,frog,frog,00:00:00,TFL
3530,6,6,frog,frog,00:00:00,TFL
3531,8,9,ship,truck,00:00:00,TFL
3532,5,5,dog,dog,00:00:00,TFL
3533,2,2,bird,bird,00:00:00,TFL
3534,2,2,bird,bird,00:00:00,TFL
3535,5,5,dog,dog,00:00:00,TFL
3536,0,0,airplane,airplane,00:00:00,TFL
3537,8,8,ship,ship,00:00:00,TFL
3538,2,2,bird,bird,00:00:00,TFL
3539,3,3,cat,cat,00:00:00,TFL
3540,6,6,frog,frog,00:00:00,TFL
3541,2,2,bird,bird,00:00:00,TFL
3542,9,9,truck,truck,00:00:00,TFL
3543,6,6,frog,frog,00:00:00,TFL
3544,1,9,automobile,truck,00:00:00,TFL
3545,4,4,deer,deer,00:00:00,TFL
3546,5,5,dog,dog,00:00:00,TFL
3547,9,9,truck,truck,00:00:00,TFL
3548,0,0,airplane,airplane,00:00:00,TFL
3549,1,1,automobile,automobile,00:00:00,TFL
3550,0,7,airplane,horse,00:00:00,TFL
3551,0,0,airplane,airplane,00:00:00,TFL
3552,8,8,ship,ship,00:00:00,TFL
3553,1,1,automobile,automobile,00:00:00,TFL
3554,1,1,automobile,automobile,00:00:00,TFL
3555,6,6,frog,frog,00:00:00,TFL
3556,6,6,frog,frog,00:00:00,TFL
3557,9,6,truck,frog,00:00:00,TFL
3558,5,5,dog,dog,00:00:00,TFL
3559,4,4,deer,deer,00:00:00,TFL
3560,1,9,automobile,truck,00:00:00,TFL
3561,7,5,horse,dog,00:00:00,TFL
3562,8,8,ship,ship,00:00:00,TFL
3563,6,6,frog,frog,00:00:00,TFL
3564,9,9,truck,truck,00:00:00,TFL
3565,1,1,automobile,automobile,00:00:00,TFL
3566,7,7,horse,horse,00:00:00,TFL
3567,6,6,frog,frog,00:00:00,TFL
3568,0,0,airplane,airplane,00:00:00,TFL
3569,9,9,truck,truck,00:00:00,TFL
3570,3,5,cat,dog,00:00:00,TFL
3571,5,5,dog,dog,00:00:00,TFL
3572,3,3,cat,cat,00:00:00,TFL
3573,2,2,bird,bird,00:00:00,TFL
3574,5,3,dog,cat,00:00:00,TFL
3575,3,3,cat,cat,00:00:00,TFL
3576,4,4,deer,deer,00:00:00,TFL
3577,9,9,truck,truck,00:00:00,TFL
3578,7,7,horse,horse,00:00:00,TFL
3579,1,1,automobile,automobile,00:00:00,TFL
3580,4,4,deer,deer,00:00:00,TFL
3581,4,4,deer,deer,00:00:00,TFL
3582,6,6,frog,frog,00:00:00,TFL
3583,1,1,automobile,automobile,00:00:00,TFL
3584,3,3,cat,cat,00:00:00,TFL
3585,8,8,ship,ship,00:00:00,TFL
3586,8,8,ship,ship,00:00:00,TFL
3587,0,6,airplane,frog,00:00:00,TFL
3588,6,6,frog,frog,00:00:00,TFL
3589,7,7,horse,horse,00:00:00,TFL
3590,7,7,horse,horse,00:00:00,TFL
3591,6,6,frog,frog,00:00:00,TFL
3592,7,7,horse,horse,00:00:00,TFL
3593,2,2,bird,bird,00:00:00,TFL
3594,3,5,cat,dog,00:00:00,TFL
3595,2,5,bird,dog,00:00:00,TFL
3596,2,4,bird,deer,00:00:00,TFL
3597,6,6,frog,frog,00:00:00,TFL
3598,2,2,bird,bird,00:00:00,TFL
3599,7,7,horse,horse,00:00:00,TFL
3600,4,3,deer,cat,00:00:00,TFL
3601,0,5,airplane,dog,00:00:00,TFL
3602,3,3,cat,cat,00:00:00,TFL
3603,6,6,frog,frog,00:00:00,TFL
3604,2,2,bird,bird,00:00:00,TFL
3605,6,4,frog,deer,00:00:00,TFL
3606,3,3,cat,cat,00:00:00,TFL
3607,3,2,cat,bird,00:00:00,TFL
3608,0,0,airplane,airplane,00:00:00,TFL
3609,9,9,truck,truck,00:00:00,TFL
3610,5,5,dog,dog,00:00:00,TFL
3611,1,1,automobile,automobile,00:00:00,TFL
3612,1,1,automobile,automobile,00:00:00,TFL
3613,5,5,dog,dog,00:00:00,TFL
3614,3,3,cat,cat,00:00:00,TFL
3615,6,2,frog,bird,00:00:00,TFL
3616,4,4,deer,deer,00:00:00,TFL
3617,3,3,cat,cat,00:00:00,TFL
3618,4,4,deer,deer,00:00:00,TFL
3619,1,1,automobile,automobile,00:00:00,TFL
3620,0,0,airplane,airplane,00:00:00,TFL
3621,4,4,deer,deer,00:00:00,TFL
3622,5,3,dog,cat,00:00:00,TFL
3623,5,5,dog,dog,00:00:00,TFL
3624,2,4,bird,deer,00:00:00,TFL
3625,8,8,ship,ship,00:00:00,TFL
3626,9,9,truck,truck,00:00:00,TFL
3627,4,3,deer,cat,00:00:00,TFL
3628,3,3,cat,cat,00:00:00,TFL
3629,1,1,automobile,automobile,00:00:00,TFL
3630,8,8,ship,ship,00:00:00,TFL
3631,0,0,airplane,airplane,00:00:00,TFL
3632,1,1,automobile,automobile,00:00:00,TFL
3633,3,3,cat,cat,00:00:00,TFL
3634,3,3,cat,cat,00:00:00,TFL
3635,4,4,deer,deer,00:00:00,TFL
3636,4,4,deer,deer,00:00:00,TFL
3637,2,6,bird,frog,00:00:00,TFL
3638,9,9,truck,truck,00:00:00,TFL
3639,7,7,horse,horse,00:00:00,TFL
3640,6,6,frog,frog,00:00:00,TFL
3641,8,8,ship,ship,00:00:00,TFL
3642,1,1,automobile,automobile,00:00:00,TFL
3643,8,8,ship,ship,00:00:00,TFL
3644,9,9,truck,truck,00:00:00,TFL
3645,1,9,automobile,truck,00:00:00,TFL
3646,3,3,cat,cat,00:00:00,TFL
3647,1,1,automobile,automobile,00:00:00,TFL
3648,7,7,horse,horse,00:00:00,TFL
3649,3,3,cat,cat,00:00:00,TFL
3650,0,2,airplane,bird,00:00:00,TFL
3651,0,0,airplane,airplane,00:00:00,TFL
3652,2,2,bird,bird,00:00:00,TFL
3653,8,2,ship,bird,00:00:00,TFL
3654,3,3,cat,cat,00:00:00,TFL
3655,9,9,truck,truck,00:00:00,TFL
3656,2,2,bird,bird,00:00:00,TFL
3657,7,7,horse,horse,00:00:00,TFL
3658,2,4,bird,deer,00:00:00,TFL
3659,6,6,frog,frog,00:00:00,TFL
3660,0,0,airplane,airplane,00:00:00,TFL
3661,1,1,automobile,automobile,00:00:00,TFL
3662,6,6,frog,frog,00:00:00,TFL
3663,1,1,automobile,automobile,00:00:00,TFL
3664,6,6,frog,frog,00:00:00,TFL
3665,7,7,horse,horse,00:00:00,TFL
3666,5,5,dog,dog,00:00:00,TFL
3667,5,5,dog,dog,00:00:00,TFL
3668,2,2,bird,bird,00:00:00,TFL
3669,5,4,dog,deer,00:00:00,TFL
3670,9,9,truck,truck,00:00:00,TFL
3671,4,4,deer,deer,00:00:00,TFL
3672,0,0,airplane,airplane,00:00:00,TFL
3673,2,2,bird,bird,00:00:00,TFL
3674,3,3,cat,cat,00:00:00,TFL
3675,4,4,deer,deer,00:00:00,TFL
3676,9,1,truck,automobile,00:00:00,TFL
3677,4,4,deer,deer,00:00:00,TFL
3678,1,1,automobile,automobile,00:00:00,TFL
3679,0,0,airplane,airplane,00:00:00,TFL
3680,0,0,airplane,airplane,00:00:00,TFL
3681,2,2,bird,bird,00:00:00,TFL
3682,3,6,cat,frog,00:00:00,TFL
3683,8,6,ship,frog,00:00:00,TFL
3684,9,9,truck,truck,00:00:00,TFL
3685,2,2,bird,bird,00:00:00,TFL
3686,8,9,ship,truck,00:00:00,TFL
3687,9,9,truck,truck,00:00:00,TFL
3688,5,5,dog,dog,00:00:00,TFL
3689,7,7,horse,horse,00:00:00,TFL
3690,9,9,truck,truck,00:00:00,TFL
3691,1,1,automobile,automobile,00:00:00,TFL
3692,4,4,deer,deer,00:00:00,TFL
3693,6,5,frog,dog,00:00:00,TFL
3694,2,2,bird,bird,00:00:00,TFL
3695,8,8,ship,ship,00:00:00,TFL
3696,4,3,deer,cat,00:00:00,TFL
3697,4,4,deer,deer,00:00:00,TFL
3698,8,8,ship,ship,00:00:00,TFL
3699,9,9,truck,truck,00:00:00,TFL
3700,3,3,cat,cat,00:00:00,TFL
3701,1,1,automobile,automobile,00:00:00,TFL
3702,1,1,automobile,automobile,00:00:00,TFL
3703,6,6,frog,frog,00:00:00,TFL
3704,5,2,dog,bird,00:00:00,TFL
3705,8,8,ship,ship,00:00:00,TFL
3706,4,4,deer,deer,00:00:00,TFL
3707,6,6,frog,frog,00:00:00,TFL
3708,4,4,deer,deer,00:00:00,TFL
3709,5,5,dog,dog,00:00:00,TFL
3710,2,2,bird,bird,00:00:00,TFL
3711,6,6,frog,frog,00:00:00,TFL
3712,4,4,deer,deer,00:00:00,TFL
3713,2,2,bird,bird,00:00:00,TFL
3714,3,5,cat,dog,00:00:00,TFL
3715,1,1,automobile,automobile,00:00:00,TFL
3716,3,6,cat,frog,00:00:00,TFL
3717,6,6,frog,frog,00:00:00,TFL
3718,8,8,ship,ship,00:00:00,TFL
3719,5,5,dog,dog,00:00:00,TFL
3720,2,2,bird,bird,00:00:00,TFL
3721,2,0,bird,airplane,00:00:00,TFL
3722,7,7,horse,horse,00:00:00,TFL
3723,1,1,automobile,automobile,00:00:00,TFL
3724,6,3,frog,cat,00:00:00,TFL
3725,2,2,bird,bird,00:00:00,TFL
3726,5,5,dog,dog,00:00:00,TFL
3727,9,9,truck,truck,00:00:00,TFL
3728,2,4,bird,deer,00:00:00,TFL
3729,8,8,ship,ship,00:00:00,TFL
3730,1,1,automobile,automobile,00:00:00,TFL
3731,6,6,frog,frog,00:00:00,TFL
3732,9,9,truck,truck,00:00:00,TFL
3733,2,5,bird,dog,00:00:00,TFL
3734,7,7,horse,horse,00:00:00,TFL
3735,5,3,dog,cat,00:00:00,TFL
3736,3,3,cat,cat,00:00:00,TFL
3737,2,2,bird,bird,00:00:00,TFL
3738,9,9,truck,truck,00:00:00,TFL
3739,7,7,horse,horse,00:00:00,TFL
3740,0,0,airplane,airplane,00:00:00,TFL
3741,2,2,bird,bird,00:00:00,TFL
3742,9,1,truck,automobile,00:00:00,TFL
3743,3,5,cat,dog,00:00:00,TFL
3744,4,4,deer,deer,00:00:00,TFL
3745,1,1,automobile,automobile,00:00:00,TFL
3746,7,7,horse,horse,00:00:00,TFL
3747,9,9,truck,truck,00:00:00,TFL
3748,5,5,dog,dog,00:00:00,TFL
3749,8,8,ship,ship,00:00:00,TFL
3750,9,9,truck,truck,00:00:00,TFL
3751,7,7,horse,horse,00:00:00,TFL
3752,3,8,cat,ship,00:00:00,TFL
3753,4,6,deer,frog,00:00:00,TFL
3754,0,0,airplane,airplane,00:00:00,TFL
3755,9,1,truck,automobile,00:00:00,TFL
3756,7,7,horse,horse,00:00:00,TFL
3757,4,4,deer,deer,00:00:00,TFL
3758,2,0,bird,airplane,00:00:00,TFL
3759,4,4,deer,deer,00:00:00,TFL
3760,7,7,horse,horse,00:00:00,TFL
3761,0,0,airplane,airplane,00:00:00,TFL
3762,1,9,automobile,truck,00:00:00,TFL
3763,8,8,ship,ship,00:00:00,TFL
3764,1,1,automobile,automobile,00:00:00,TFL
3765,0,0,airplane,airplane,00:00:00,TFL
3766,4,4,deer,deer,00:00:00,TFL
3767,6,6,frog,frog,00:00:00,TFL
3768,1,1,automobile,automobile,00:00:00,TFL
3769,9,9,truck,truck,00:00:00,TFL
3770,9,9,truck,truck,00:00:00,TFL
3771,2,0,bird,airplane,00:00:00,TFL
3772,1,1,automobile,automobile,00:00:00,TFL
3773,2,2,bird,bird,00:00:00,TFL
3774,5,3,dog,cat,00:00:00,TFL
3775,6,6,frog,frog,00:00:00,TFL
3776,9,9,truck,truck,00:00:00,TFL
3777,7,7,horse,horse,00:00:00,TFL
3778,7,4,horse,deer,00:00:00,TFL
3779,3,2,cat,bird,00:00:00,TFL
3780,4,4,deer,deer,00:00:00,TFL
3781,2,2,bird,bird,00:00:00,TFL
3782,0,0,airplane,airplane,00:00:00,TFL
3783,2,2,bird,bird,00:00:00,TFL
3784,5,5,dog,dog,00:00:00,TFL
3785,6,5,frog,dog,00:00:00,TFL
3786,7,7,horse,horse,00:00:00,TFL
3787,3,6,cat,frog,00:00:00,TFL
3788,7,7,horse,horse,00:00:00,TFL
3789,9,3,truck,cat,00:00:00,TFL
3790,4,4,deer,deer,00:00:00,TFL
3791,2,2,bird,bird,00:00:00,TFL
3792,0,0,airplane,airplane,00:00:00,TFL
3793,6,6,frog,frog,00:00:00,TFL
3794,1,1,automobile,automobile,00:00:00,TFL
3795,7,7,horse,horse,00:00:00,TFL
3796,5,5,dog,dog,00:00:00,TFL
3797,6,6,frog,frog,00:00:00,TFL
3798,5,5,dog,dog,00:00:00,TFL
3799,3,5,cat,dog,00:00:00,TFL
3800,9,9,truck,truck,00:00:00,TFL
3801,2,2,bird,bird,00:00:00,TFL
3802,7,7,horse,horse,00:00:00,TFL
3803,8,8,ship,ship,00:00:00,TFL
3804,5,5,dog,dog,00:00:00,TFL
3805,9,9,truck,truck,00:00:00,TFL
3806,5,2,dog,bird,00:00:00,TFL
3807,8,8,ship,ship,00:00:00,TFL
3808,5,3,dog,cat,00:00:00,TFL
3809,4,4,deer,deer,00:00:00,TFL
3810,3,5,cat,dog,00:00:00,TFL
3811,7,7,horse,horse,00:00:00,TFL
3812,9,9,truck,truck,00:00:00,TFL
3813,8,8,ship,ship,00:00:00,TFL
3814,1,1,automobile,automobile,00:00:00,TFL
3815,2,7,bird,horse,00:00:00,TFL
3816,2,6,bird,frog,00:00:00,TFL
3817,8,8,ship,ship,00:00:00,TFL
3818,9,9,truck,truck,00:00:00,TFL
3819,3,3,cat,cat,00:00:00,TFL
3820,0,0,airplane,airplane,00:00:00,TFL
3821,8,3,ship,cat,00:00:00,TFL
3822,4,4,deer,deer,00:00:00,TFL
3823,0,0,airplane,airplane,00:00:00,TFL
3824,2,2,bird,bird,00:00:00,TFL
3825,0,0,airplane,airplane,00:00:00,TFL
3826,1,1,automobile,automobile,00:00:00,TFL
3827,4,4,deer,deer,00:00:00,TFL
3828,1,0,automobile,airplane,00:00:00,TFL
3829,8,8,ship,ship,00:00:00,TFL
3830,5,5,dog,dog,00:00:00,TFL
3831,5,5,dog,dog,00:00:00,TFL
3832,7,7,horse,horse,00:00:00,TFL
3833,9,9,truck,truck,00:00:00,TFL
3834,8,8,ship,ship,00:00:00,TFL
3835,3,5,cat,dog,00:00:00,TFL
3836,7,7,horse,horse,00:00:00,TFL
3837,9,9,truck,truck,00:00:00,TFL
3838,1,1,automobile,automobile,00:00:00,TFL
3839,5,5,dog,dog,00:00:00,TFL
3840,6,3,frog,cat,00:00:00,TFL
3841,9,9,truck,truck,00:00:00,TFL
3842,8,8,ship,ship,00:00:00,TFL
3843,7,7,horse,horse,00:00:00,TFL
3844,2,2,bird,bird,00:00:00,TFL
3845,0,8,airplane,ship,00:00:00,TFL
3846,9,9,truck,truck,00:00:00,TFL
3847,0,0,airplane,airplane,00:00:00,TFL
3848,8,8,ship,ship,00:00:00,TFL
3849,5,5,dog,dog,00:00:00,TFL
3850,9,9,truck,truck,00:00:00,TFL
3851,4,4,deer,deer,00:00:00,TFL
3852,2,2,bird,bird,00:00:00,TFL
3853,9,9,truck,truck,00:00:00,TFL
3854,8,8,ship,ship,00:00:00,TFL
3855,1,1,automobile,automobile,00:00:00,TFL
3856,9,9,truck,truck,00:00:00,TFL
3857,1,1,automobile,automobile,00:00:00,TFL
3858,8,8,ship,ship,00:00:00,TFL
3859,3,3,cat,cat,00:00:00,TFL
3860,7,7,horse,horse,00:00:00,TFL
3861,6,6,frog,frog,00:00:00,TFL
3862,4,4,deer,deer,00:00:00,TFL
3863,2,2,bird,bird,00:00:00,TFL
3864,3,3,cat,cat,00:00:00,TFL
3865,7,7,horse,horse,00:00:00,TFL
3866,0,0,airplane,airplane,00:00:00,TFL
3867,3,5,cat,dog,00:00:00,TFL
3868,5,3,dog,cat,00:00:00,TFL
3869,8,8,ship,ship,00:00:00,TFL
3870,8,8,ship,ship,00:00:00,TFL
3871,8,8,ship,ship,00:00:00,TFL
3872,7,7,horse,horse,00:00:00,TFL
3873,9,9,truck,truck,00:00:00,TFL
3874,6,6,frog,frog,00:00:00,TFL
3875,2,2,bird,bird,00:00:00,TFL
3876,7,7,horse,horse,00:00:00,TFL
3877,4,4,deer,deer,00:00:00,TFL
3878,5,3,dog,cat,00:00:00,TFL
3879,7,7,horse,horse,00:00:00,TFL
3880,6,6,frog,frog,00:00:00,TFL
3881,7,7,horse,horse,00:00:00,TFL
3882,1,1,automobile,automobile,00:00:00,TFL
3883,7,5,horse,dog,00:00:00,TFL
3884,3,3,cat,cat,00:00:00,TFL
3885,6,6,frog,frog,00:00:00,TFL
3886,8,8,ship,ship,00:00:00,TFL
3887,2,4,bird,deer,00:00:00,TFL
3888,6,6,frog,frog,00:00:00,TFL
3889,6,6,frog,frog,00:00:00,TFL
3890,7,5,horse,dog,00:00:00,TFL
3891,1,1,automobile,automobile,00:00:00,TFL
3892,5,5,dog,dog,00:00:00,TFL
3893,9,9,truck,truck,00:00:00,TFL
3894,7,7,horse,horse,00:00:00,TFL
3895,1,1,automobile,automobile,00:00:00,TFL
3896,7,7,horse,horse,00:00:00,TFL
3897,0,0,airplane,airplane,00:00:00,TFL
3898,1,1,automobile,automobile,00:00:00,TFL
3899,6,2,frog,bird,00:00:00,TFL
3900,3,3,cat,cat,00:00:00,TFL
3901,3,3,cat,cat,00:00:00,TFL
3902,9,9,truck,truck,00:00:00,TFL
3903,0,0,airplane,airplane,00:00:00,TFL
3904,1,1,automobile,automobile,00:00:00,TFL
3905,2,7,bird,horse,00:00:00,TFL
3906,3,3,cat,cat,00:00:00,TFL
3907,2,2,bird,bird,00:00:00,TFL
3908,2,2,bird,bird,00:00:00,TFL
3909,5,5,dog,dog,00:00:00,TFL
3910,4,4,deer,deer,00:00:00,TFL
3911,9,9,truck,truck,00:00:00,TFL
3912,8,8,ship,ship,00:00:00,TFL
3913,7,7,horse,horse,00:00:00,TFL
3914,4,4,deer,deer,00:00:00,TFL
3915,4,4,deer,deer,00:00:00,TFL
3916,9,9,truck,truck,00:00:00,TFL
3917,7,5,horse,dog,00:00:00,TFL
3918,6,6,frog,frog,00:00:00,TFL
3919,7,7,horse,horse,00:00:00,TFL
3920,7,7,horse,horse,00:00:00,TFL
3921,1,1,automobile,automobile,00:00:00,TFL
3922,2,2,bird,bird,00:00:00,TFL
3923,3,4,cat,deer,00:00:00,TFL
3924,5,5,dog,dog,00:00:00,TFL
3925,1,1,automobile,automobile,00:00:00,TFL
3926,9,9,truck,truck,00:00:00,TFL
3927,0,0,airplane,airplane,00:00:00,TFL
3928,3,6,cat,frog,00:00:00,TFL
3929,3,3,cat,cat,00:00:00,TFL
3930,1,1,automobile,automobile,00:00:00,TFL
3931,5,5,dog,dog,00:00:00,TFL
3932,6,6,frog,frog,00:00:00,TFL
3933,6,6,frog,frog,00:00:00,TFL
3934,2,2,bird,bird,00:00:00,TFL
3935,4,4,deer,deer,00:00:00,TFL
3936,6,6,frog,frog,00:00:00,TFL
3937,8,8,ship,ship,00:00:00,TFL
3938,8,8,ship,ship,00:00:00,TFL
3939,9,9,truck,truck,00:00:00,TFL
3940,6,6,frog,frog,00:00:00,TFL
3941,6,6,frog,frog,00:00:00,TFL
3942,1,1,automobile,automobile,00:00:00,TFL
3943,0,0,airplane,airplane,00:00:00,TFL
3944,7,7,horse,horse,00:00:00,TFL
3945,5,5,dog,dog,00:00:00,TFL
3946,8,8,ship,ship,00:00:00,TFL
3947,2,4,bird,deer,00:00:00,TFL
3948,1,1,automobile,automobile,00:00:00,TFL
3949,5,5,dog,dog,00:00:00,TFL
3950,8,8,ship,ship,00:00:00,TFL
3951,1,1,automobile,automobile,00:00:00,TFL
3952,4,4,deer,deer,00:00:00,TFL
3953,7,5,horse,dog,00:00:00,TFL
3954,5,5,dog,dog,00:00:00,TFL
3955,0,0,airplane,airplane,00:00:00,TFL
3956,3,6,cat,frog,00:00:00,TFL
3957,9,0,truck,airplane,00:00:00,TFL
3958,9,9,truck,truck,00:00:00,TFL
3959,5,5,dog,dog,00:00:00,TFL
3960,2,2,bird,bird,00:00:00,TFL
3961,8,8,ship,ship,00:00:00,TFL
3962,4,7,deer,horse,00:00:00,TFL
3963,1,1,automobile,automobile,00:00:00,TFL
3964,9,9,truck,truck,00:00:00,TFL
3965,0,0,airplane,airplane,00:00:00,TFL
3966,4,4,deer,deer,00:00:00,TFL
3967,4,4,deer,deer,00:00:00,TFL
3968,8,8,ship,ship,00:00:00,TFL
3969,2,2,bird,bird,00:00:00,TFL
3970,9,9,truck,truck,00:00:00,TFL
3971,0,0,airplane,airplane,00:00:00,TFL
3972,7,7,horse,horse,00:00:00,TFL
3973,9,9,truck,truck,00:00:00,TFL
3974,8,8,ship,ship,00:00:00,TFL
3975,7,7,horse,horse,00:00:00,TFL
3976,1,1,automobile,automobile,00:00:00,TFL
3977,3,6,cat,frog,00:00:00,TFL
3978,2,2,bird,bird,00:00:00,TFL
3979,9,9,truck,truck,00:00:00,TFL
3980,9,6,truck,frog,00:00:00,TFL
3981,5,5,dog,dog,00:00:00,TFL
3982,9,9,truck,truck,00:00:00,TFL
3983,7,7,horse,horse,00:00:00,TFL
3984,6,6,frog,frog,00:00:00,TFL
3985,7,7,horse,horse,00:00:00,TFL
3986,7,7,horse,horse,00:00:00,TFL
3987,1,1,automobile,automobile,00:00:00,TFL
3988,1,1,automobile,automobile,00:00:00,TFL
3989,2,2,bird,bird,00:00:00,TFL
3990,4,4,deer,deer,00:00:00,TFL
3991,2,2,bird,bird,00:00:00,TFL
3992,0,0,airplane,airplane,00:00:00,TFL
3993,6,6,frog,frog,00:00:00,TFL
3994,8,8,ship,ship,00:00:00,TFL
3995,7,3,horse,cat,00:00:00,TFL
3996,6,6,frog,frog,00:00:00,TFL
3997,2,6,bird,frog,00:00:00,TFL
3998,2,2,bird,bird,00:00:00,TFL
3999,9,9,truck,truck,00:00:00,TFL
4000,8,8,ship,ship,00:00:00,TFL
4001,2,4,bird,deer,00:00:00,TFL
4002,4,7,deer,horse,00:00:00,TFL
4003,2,2,bird,bird,00:00:00,TFL
4004,0,0,airplane,airplane,00:00:00,TFL
4005,5,5,dog,dog,00:00:00,TFL
4006,8,8,ship,ship,00:00:00,TFL
4007,6,6,frog,frog,00:00:00,TFL
4008,8,8,ship,ship,00:00:00,TFL
4009,2,2,bird,bird,00:00:00,TFL
4010,7,7,horse,horse,00:00:00,TFL
4011,7,7,horse,horse,00:00:00,TFL
4012,3,3,cat,cat,00:00:00,TFL
4013,1,1,automobile,automobile,00:00:00,TFL
4014,8,8,ship,ship,00:00:00,TFL
4015,1,1,automobile,automobile,00:00:00,TFL
4016,6,3,frog,cat,00:00:00,TFL
4017,5,5,dog,dog,00:00:00,TFL
4018,9,9,truck,truck,00:00:00,TFL
4019,7,7,horse,horse,00:00:00,TFL
4020,8,8,ship,ship,00:00:00,TFL
4021,9,9,truck,truck,00:00:00,TFL
4022,6,3,frog,cat,00:00:00,TFL
4023,4,5,deer,dog,00:00:00,TFL
4024,8,8,ship,ship,00:00:00,TFL
4025,1,1,automobile,automobile,00:00:00,TFL
4026,9,9,truck,truck,00:00:00,TFL
4027,4,4,deer,deer,00:00:00,TFL
4028,0,0,airplane,airplane,00:00:00,TFL
4029,4,4,deer,deer,00:00:00,TFL
4030,1,1,automobile,automobile,00:00:00,TFL
4031,4,4,deer,deer,00:00:00,TFL
4032,3,3,cat,cat,00:00:00,TFL
4033,6,6,frog,frog,00:00:00,TFL
4034,2,2,bird,bird,00:00:00,TFL
4035,2,2,bird,bird,00:00:00,TFL
4036,7,0,horse,airplane,00:00:00,TFL
4037,0,0,airplane,airplane,00:00:00,TFL
4038,0,9,airplane,truck,00:00:00,TFL
4039,7,7,horse,horse,00:00:00,TFL
4040,0,0,airplane,airplane,00:00:00,TFL
4041,7,7,horse,horse,00:00:00,TFL
4042,4,4,deer,deer,00:00:00,TFL
4043,3,3,cat,cat,00:00:00,TFL
4044,6,3,frog,cat,00:00:00,TFL
4045,7,7,horse,horse,00:00:00,TFL
4046,7,7,horse,horse,00:00:00,TFL
4047,4,4,deer,deer,00:00:00,TFL
4048,5,5,dog,dog,00:00:00,TFL
4049,4,4,deer,deer,00:00:00,TFL
4050,3,3,cat,cat,00:00:00,TFL
4051,5,3,dog,cat,00:00:00,TFL
4052,5,5,dog,dog,00:00:00,TFL
4053,4,4,deer,deer,00:00:00,TFL
4054,7,0,horse,airplane,00:00:00,TFL
4055,1,0,automobile,airplane,00:00:00,TFL
4056,0,0,airplane,airplane,00:00:00,TFL
4057,7,7,horse,horse,00:00:00,TFL
4058,7,7,horse,horse,00:00:00,TFL
4059,1,1,automobile,automobile,00:00:00,TFL
4060,6,6,frog,frog,00:00:00,TFL
4061,5,5,dog,dog,00:00:00,TFL
4062,0,2,airplane,bird,00:00:00,TFL
4063,7,7,horse,horse,00:00:00,TFL
4064,7,7,horse,horse,00:00:00,TFL
4065,4,7,deer,horse,00:00:00,TFL
4066,6,6,frog,frog,00:00:00,TFL
4067,1,1,automobile,automobile,00:00:00,TFL
4068,8,8,ship,ship,00:00:00,TFL
4069,5,5,dog,dog,00:00:00,TFL
4070,9,9,truck,truck,00:00:00,TFL
4071,3,2,cat,bird,00:00:00,TFL
4072,5,5,dog,dog,00:00:00,TFL
4073,6,6,frog,frog,00:00:00,TFL
4074,2,2,bird,bird,00:00:00,TFL
4075,2,2,bird,bird,00:00:00,TFL
4076,7,7,horse,horse,00:00:00,TFL
4077,3,5,cat,dog,00:00:00,TFL
4078,5,5,dog,dog,00:00:00,TFL
4079,8,8,ship,ship,00:00:00,TFL
4080,1,1,automobile,automobile,00:00:00,TFL
4081,0,0,airplane,airplane,00:00:00,TFL
4082,6,6,frog,frog,00:00:00,TFL
4083,8,8,ship,ship,00:00:00,TFL
4084,7,7,horse,horse,00:00:00,TFL
4085,8,4,ship,deer,00:00:00,TFL
4086,8,8,ship,ship,00:00:00,TFL
4087,5,5,dog,dog,00:00:00,TFL
4088,7,7,horse,horse,00:00:00,TFL
4089,5,3,dog,cat,00:00:00,TFL
4090,4,4,deer,deer,00:00:00,TFL
4091,9,9,truck,truck,00:00:00,TFL
4092,7,7,horse,horse,00:00:00,TFL
4093,3,3,cat,cat,00:00:00,TFL
4094,3,5,cat,dog,00:00:00,TFL
4095,8,8,ship,ship,00:00:00,TFL
4096,8,8,ship,ship,00:00:00,TFL
4097,3,2,cat,bird,00:00:00,TFL
4098,9,9,truck,truck,00:00:00,TFL
4099,4,3,deer,cat,00:00:00,TFL
4100,7,7,horse,horse,00:00:00,TFL
4101,2,2,bird,bird,00:00:00,TFL
4102,0,0,airplane,airplane,00:00:00,TFL
4103,8,8,ship,ship,00:00:00,TFL
4104,0,0,airplane,airplane,00:00:00,TFL
4105,7,7,horse,horse,00:00:00,TFL
4106,3,0,cat,airplane,00:00:00,TFL
4107,3,3,cat,cat,00:00:00,TFL
4108,2,2,bird,bird,00:00:00,TFL
4109,5,5,dog,dog,00:00:00,TFL
4110,2,2,bird,bird,00:00:00,TFL
4111,4,3,deer,cat,00:00:00,TFL
4112,4,5,deer,dog,00:00:00,TFL
4113,0,0,airplane,airplane,00:00:00,TFL
4114,4,4,deer,deer,00:00:00,TFL
4115,8,8,ship,ship,00:00:00,TFL
4116,2,6,bird,frog,00:00:00,TFL
4117,4,4,deer,deer,00:00:00,TFL
4118,0,0,airplane,airplane,00:00:00,TFL
4119,6,6,frog,frog,00:00:00,TFL
4120,4,4,deer,deer,00:00:00,TFL
4121,5,3,dog,cat,00:00:00,TFL
4122,6,6,frog,frog,00:00:00,TFL
4123,0,0,airplane,airplane,00:00:00,TFL
4124,8,8,ship,ship,00:00:00,TFL
4125,8,2,ship,bird,00:00:00,TFL
4126,0,0,airplane,airplane,00:00:00,TFL
4127,6,6,frog,frog,00:00:00,TFL
4128,1,1,automobile,automobile,00:00:00,TFL
4129,1,1,automobile,automobile,00:00:00,TFL
4130,6,6,frog,frog,00:00:00,TFL
4131,1,1,automobile,automobile,00:00:00,TFL
4132,4,4,deer,deer,00:00:00,TFL
4133,2,2,bird,bird,00:00:00,TFL
4134,1,9,automobile,truck,00:00:00,TFL
4135,1,1,automobile,automobile,00:00:00,TFL
4136,2,2,bird,bird,00:00:00,TFL
4137,4,3,deer,cat,00:00:00,TFL
4138,4,4,deer,deer,00:00:00,TFL
4139,5,5,dog,dog,00:00:00,TFL
4140,5,5,dog,dog,00:00:00,TFL
4141,8,8,ship,ship,00:00:00,TFL
4142,8,8,ship,ship,00:00:00,TFL
4143,5,5,dog,dog,00:00:00,TFL
4144,1,1,automobile,automobile,00:00:00,TFL
4145,8,8,ship,ship,00:00:00,TFL
4146,2,2,bird,bird,00:00:00,TFL
4147,3,2,cat,bird,00:00:00,TFL
4148,3,3,cat,cat,00:00:00,TFL
4149,9,9,truck,truck,00:00:00,TFL
4150,6,6,frog,frog,00:00:00,TFL
4151,6,6,frog,frog,00:00:00,TFL
4152,5,3,dog,cat,00:00:00,TFL
4153,0,0,airplane,airplane,00:00:00,TFL
4154,7,7,horse,horse,00:00:00,TFL
4155,3,3,cat,cat,00:00:00,TFL
4156,3,3,cat,cat,00:00:00,TFL
4157,2,2,bird,bird,00:00:00,TFL
4158,7,7,horse,horse,00:00:00,TFL
4159,4,4,deer,deer,00:00:00,TFL
4160,5,5,dog,dog,00:00:00,TFL
4161,6,6,frog,frog,00:00:00,TFL
4162,0,0,airplane,airplane,00:00:00,TFL
4163,2,2,bird,bird,00:00:00,TFL
4164,1,1,automobile,automobile,00:00:00,TFL
4165,8,8,ship,ship,00:00:00,TFL
4166,1,1,automobile,automobile,00:00:00,TFL
4167,0,0,airplane,airplane,00:00:00,TFL
4168,9,9,truck,truck,00:00:00,TFL
4169,3,5,cat,dog,00:00:00,TFL
4170,1,1,automobile,automobile,00:00:00,TFL
4171,0,0,airplane,airplane,00:00:00,TFL
4172,5,5,dog,dog,00:00:00,TFL
4173,4,4,deer,deer,00:00:00,TFL
4174,2,0,bird,airplane,00:00:00,TFL
4175,3,3,cat,cat,00:00:00,TFL
4176,3,3,cat,cat,00:00:00,TFL
4177,6,6,frog,frog,00:00:00,TFL
4178,7,7,horse,horse,00:00:00,TFL
4179,6,2,frog,bird,00:00:00,TFL
4180,0,0,airplane,airplane,00:00:00,TFL
4181,0,0,airplane,airplane,00:00:00,TFL
4182,5,5,dog,dog,00:00:00,TFL
4183,7,7,horse,horse,00:00:00,TFL
4184,4,4,deer,deer,00:00:00,TFL
4185,7,7,horse,horse,00:00:00,TFL
4186,7,7,horse,horse,00:00:00,TFL
4187,0,0,airplane,airplane,00:00:00,TFL
4188,6,6,frog,frog,00:00:00,TFL
4189,1,1,automobile,automobile,00:00:00,TFL
4190,3,7,cat,horse,00:00:00,TFL
4191,9,9,truck,truck,00:00:00,TFL
4192,0,0,airplane,airplane,00:00:00,TFL
4193,9,9,truck,truck,00:00:00,TFL
4194,0,0,airplane,airplane,00:00:00,TFL
4195,3,5,cat,dog,00:00:00,TFL
4196,8,8,ship,ship,00:00:00,TFL
4197,4,4,deer,deer,00:00:00,TFL
4198,8,0,ship,airplane,00:00:00,TFL
4199,8,8,ship,ship,00:00:00,TFL
4200,4,4,deer,deer,00:00:00,TFL
4201,1,1,automobile,automobile,00:00:00,TFL
4202,0,0,airplane,airplane,00:00:00,TFL
4203,2,2,bird,bird,00:00:00,TFL
4204,2,6,bird,frog,00:00:00,TFL
4205,4,4,deer,deer,00:00:00,TFL
4206,1,1,automobile,automobile,00:00:00,TFL
4207,1,1,automobile,automobile,00:00:00,TFL
4208,2,2,bird,bird,00:00:00,TFL
4209,4,4,deer,deer,00:00:00,TFL
4210,3,3,cat,cat,00:00:00,TFL
4211,4,4,deer,deer,00:00:00,TFL
4212,1,1,automobile,automobile,00:00:00,TFL
4213,4,4,deer,deer,00:00:00,TFL
4214,7,7,horse,horse,00:00:00,TFL
4215,1,8,automobile,ship,00:00:00,TFL
4216,0,0,airplane,airplane,00:00:00,TFL
4217,0,0,airplane,airplane,00:00:00,TFL
4218,9,9,truck,truck,00:00:00,TFL
4219,0,0,airplane,airplane,00:00:00,TFL
4220,4,4,deer,deer,00:00:00,TFL
4221,2,2,bird,bird,00:00:00,TFL
4222,8,8,ship,ship,00:00:00,TFL
4223,8,8,ship,ship,00:00:00,TFL
4224,5,5,dog,dog,00:00:00,TFL
4225,5,5,dog,dog,00:00:00,TFL
4226,0,0,airplane,airplane,00:00:00,TFL
4227,4,4,deer,deer,00:00:00,TFL
4228,0,0,airplane,airplane,00:00:00,TFL
4229,8,8,ship,ship,00:00:00,TFL
4230,6,6,frog,frog,00:00:00,TFL
4231,2,2,bird,bird,00:00:00,TFL
4232,5,5,dog,dog,00:00:00,TFL
4233,9,9,truck,truck,00:00:00,TFL
4234,2,2,bird,bird,00:00:00,TFL
4235,9,9,truck,truck,00:00:00,TFL
4236,1,1,automobile,automobile,00:00:00,TFL
4237,1,1,automobile,automobile,00:00:00,TFL
4238,5,5,dog,dog,00:00:00,TFL
4239,4,4,deer,deer,00:00:00,TFL
4240,7,7,horse,horse,00:00:00,TFL
4241,5,5,dog,dog,00:00:00,TFL
4242,8,8,ship,ship,00:00:00,TFL
4243,6,6,frog,frog,00:00:00,TFL
4244,2,7,bird,horse,00:00:00,TFL
4245,1,1,automobile,automobile,00:00:00,TFL
4246,5,5,dog,dog,00:00:00,TFL
4247,5,5,dog,dog,00:00:00,TFL
4248,3,5,cat,dog,00:00:00,TFL
4249,4,4,deer,deer,00:00:00,TFL
4250,1,1,automobile,automobile,00:00:00,TFL
4251,8,8,ship,ship,00:00:00,TFL
4252,9,9,truck,truck,00:00:00,TFL
4253,9,9,truck,truck,00:00:00,TFL
4254,8,8,ship,ship,00:00:00,TFL
4255,9,9,truck,truck,00:00:00,TFL
4256,8,8,ship,ship,00:00:00,TFL
4257,6,6,frog,frog,00:00:00,TFL
4258,8,8,ship,ship,00:00:00,TFL
4259,5,5,dog,dog,00:00:00,TFL
4260,8,8,ship,ship,00:00:00,TFL
4261,9,9,truck,truck,00:00:00,TFL
4262,4,4,deer,deer,00:00:00,TFL
4263,6,6,frog,frog,00:00:00,TFL
4264,2,3,bird,cat,00:00:00,TFL
4265,6,6,frog,frog,00:00:00,TFL
4266,3,3,cat,cat,00:00:00,TFL
4267,7,7,horse,horse,00:00:00,TFL
4268,4,4,deer,deer,00:00:00,TFL
4269,0,0,airplane,airplane,00:00:00,TFL
4270,0,0,airplane,airplane,00:00:00,TFL
4271,1,1,automobile,automobile,00:00:00,TFL
4272,7,7,horse,horse,00:00:00,TFL
4273,5,5,dog,dog,00:00:00,TFL
4274,1,1,automobile,automobile,00:00:00,TFL
4275,5,5,dog,dog,00:00:00,TFL
4276,9,9,truck,truck,00:00:00,TFL
4277,3,3,cat,cat,00:00:00,TFL
4278,1,1,automobile,automobile,00:00:00,TFL
4279,6,6,frog,frog,00:00:00,TFL
4280,8,0,ship,airplane,00:00:00,TFL
4281,7,3,horse,cat,00:00:00,TFL
4282,3,3,cat,cat,00:00:00,TFL
4283,6,6,frog,frog,00:00:00,TFL
4284,9,9,truck,truck,00:00:00,TFL
4285,1,1,automobile,automobile,00:00:00,TFL
4286,2,2,bird,bird,00:00:00,TFL
4287,0,3,airplane,cat,00:00:00,TFL
4288,1,1,automobile,automobile,00:00:00,TFL
4289,7,7,horse,horse,00:00:00,TFL
4290,2,2,bird,bird,00:00:00,TFL
4291,6,6,frog,frog,00:00:00,TFL
4292,1,1,automobile,automobile,00:00:00,TFL
4293,9,9,truck,truck,00:00:00,TFL
4294,0,0,airplane,airplane,00:00:00,TFL
4295,0,0,airplane,airplane,00:00:00,TFL
4296,8,1,ship,automobile,00:00:00,TFL
4297,9,9,truck,truck,00:00:00,TFL
4298,9,9,truck,truck,00:00:00,TFL
4299,2,8,bird,ship,00:00:00,TFL
4300,8,8,ship,ship,00:00:00,TFL
4301,6,5,frog,dog,00:00:00,TFL
4302,2,5,bird,dog,00:00:00,TFL
4303,5,5,dog,dog,00:00:00,TFL
4304,6,5,frog,dog,00:00:00,TFL
4305,0,0,airplane,airplane,00:00:00,TFL
4306,3,3,cat,cat,00:00:00,TFL
4307,3,2,cat,bird,00:00:00,TFL
4308,0,0,airplane,airplane,00:00:00,TFL
4309,7,5,horse,dog,00:00:00,TFL
4310,4,4,deer,deer,00:00:00,TFL
4311,7,7,horse,horse,00:00:00,TFL
4312,5,5,dog,dog,00:00:00,TFL
4313,0,0,airplane,airplane,00:00:00,TFL
4314,1,1,automobile,automobile,00:00:00,TFL
4315,6,5,frog,dog,00:00:00,TFL
4316,8,8,ship,ship,00:00:00,TFL
4317,8,8,ship,ship,00:00:00,TFL
4318,1,1,automobile,automobile,00:00:00,TFL
4319,2,2,bird,bird,00:00:00,TFL
4320,1,1,automobile,automobile,00:00:00,TFL
4321,5,3,dog,cat,00:00:00,TFL
4322,4,4,deer,deer,00:00:00,TFL
4323,5,5,dog,dog,00:00:00,TFL
4324,9,9,truck,truck,00:00:00,TFL
4325,6,6,frog,frog,00:00:00,TFL
4326,7,7,horse,horse,00:00:00,TFL
4327,1,1,automobile,automobile,00:00:00,TFL
4328,0,0,airplane,airplane,00:00:00,TFL
4329,6,6,frog,frog,00:00:00,TFL
4330,9,9,truck,truck,00:00:00,TFL
4331,2,6,bird,frog,00:00:00,TFL
4332,7,7,horse,horse,00:00:00,TFL
4333,7,7,horse,horse,00:00:00,TFL
4334,3,7,cat,horse,00:00:00,TFL
4335,9,9,truck,truck,00:00:00,TFL
4336,9,9,truck,truck,00:00:00,TFL
4337,1,1,automobile,automobile,00:00:00,TFL
4338,9,9,truck,truck,00:00:00,TFL
4339,7,7,horse,horse,00:00:00,TFL
4340,0,0,airplane,airplane,00:00:00,TFL
4341,1,1,automobile,automobile,00:00:00,TFL
4342,3,3,cat,cat,00:00:00,TFL
4343,5,5,dog,dog,00:00:00,TFL
4344,4,4,deer,deer,00:00:00,TFL
4345,6,6,frog,frog,00:00:00,TFL
4346,3,3,cat,cat,00:00:00,TFL
4347,8,8,ship,ship,00:00:00,TFL
4348,8,8,ship,ship,00:00:00,TFL
4349,0,0,airplane,airplane,00:00:00,TFL
4350,4,4,deer,deer,00:00:00,TFL
4351,8,8,ship,ship,00:00:00,TFL
4352,3,5,cat,dog,00:00:00,TFL
4353,6,6,frog,frog,00:00:00,TFL
4354,7,7,horse,horse,00:00:00,TFL
4355,0,3,airplane,cat,00:00:00,TFL
4356,0,0,airplane,airplane,00:00:00,TFL
4357,4,3,deer,cat,00:00:00,TFL
4358,5,5,dog,dog,00:00:00,TFL
4359,2,2,bird,bird,00:00:00,TFL
4360,6,6,frog,frog,00:00:00,TFL
4361,8,8,ship,ship,00:00:00,TFL
4362,4,4,deer,deer,00:00:00,TFL
4363,9,9,truck,truck,00:00:00,TFL
4364,9,9,truck,truck,00:00:00,TFL
4365,9,9,truck,truck,00:00:00,TFL
4366,2,4,bird,deer,00:00:00,TFL
4367,0,0,airplane,airplane,00:00:00,TFL
4368,4,3,deer,cat,00:00:00,TFL
4369,2,2,bird,bird,00:00:00,TFL
4370,8,8,ship,ship,00:00:00,TFL
4371,1,1,automobile,automobile,00:00:00,TFL
4372,1,1,automobile,automobile,00:00:00,TFL
4373,0,0,airplane,airplane,00:00:00,TFL
4374,0,0,airplane,airplane,00:00:00,TFL
4375,3,3,cat,cat,00:00:00,TFL
4376,7,2,horse,bird,00:00:00,TFL
4377,4,4,deer,deer,00:00:00,TFL
4378,1,1,automobile,automobile,00:00:00,TFL
4379,1,1,automobile,automobile,00:00:00,TFL
4380,9,9,truck,truck,00:00:00,TFL
4381,7,7,horse,horse,00:00:00,TFL
4382,7,7,horse,horse,00:00:00,TFL
4383,4,4,deer,deer,00:00:00,TFL
4384,6,6,frog,frog,00:00:00,TFL
4385,8,8,ship,ship,00:00:00,TFL
4386,6,6,frog,frog,00:00:00,TFL
4387,0,0,airplane,airplane,00:00:00,TFL
4388,2,2,bird,bird,00:00:00,TFL
4389,8,8,ship,ship,00:00:00,TFL
4390,5,5,dog,dog,00:00:00,TFL
4391,3,8,cat,ship,00:00:00,TFL
4392,5,5,dog,dog,00:00:00,TFL
4393,3,3,cat,cat,00:00:00,TFL
4394,5,5,dog,dog,00:00:00,TFL
4395,7,7,horse,horse,00:00:00,TFL
4396,9,9,truck,truck,00:00:00,TFL
4397,8,8,ship,ship,00:00:00,TFL
4398,4,3,deer,cat,00:00:00,TFL
4399,4,4,deer,deer,00:00:00,TFL
4400,3,3,cat,cat,00:00:00,TFL
4401,1,1,automobile,automobile,00:00:00,TFL
4402,4,4,deer,deer,00:00:00,TFL
4403,8,8,ship,ship,00:00:00,TFL
4404,3,4,cat,deer,00:00:00,TFL
4405,6,6,frog,frog,00:00:00,TFL
4406,5,5,dog,dog,00:00:00,TFL
4407,3,3,cat,cat,00:00:00,TFL
4408,0,2,airplane,bird,00:00:00,TFL
4409,8,1,ship,automobile,00:00:00,TFL
4410,9,9,truck,truck,00:00:00,TFL
4411,5,5,dog,dog,00:00:00,TFL
4412,7,7,horse,horse,00:00:00,TFL
4413,6,6,frog,frog,00:00:00,TFL
4414,2,2,bird,bird,00:00:00,TFL
4415,0,0,airplane,airplane,00:00:00,TFL
4416,4,4,deer,deer,00:00:00,TFL
4417,9,9,truck,truck,00:00:00,TFL
4418,9,9,truck,truck,00:00:00,TFL
4419,0,0,airplane,airplane,00:00:00,TFL
4420,5,5,dog,dog,00:00:00,TFL
4421,2,3,bird,cat,00:00:00,TFL
4422,3,3,cat,cat,00:00:00,TFL
4423,6,2,frog,bird,00:00:00,TFL
4424,1,1,automobile,automobile,00:00:00,TFL
4425,1,1,automobile,automobile,00:00:00,TFL
4426,0,0,airplane,airplane,00:00:00,TFL
4427,2,2,bird,bird,00:00:00,TFL
4428,8,8,ship,ship,00:00:00,TFL
4429,2,2,bird,bird,00:00:00,TFL
4430,1,1,automobile,automobile,00:00:00,TFL
4431,1,1,automobile,automobile,00:00:00,TFL
4432,7,7,horse,horse,00:00:00,TFL
4433,5,5,dog,dog,00:00:00,TFL
4434,2,2,bird,bird,00:00:00,TFL
4435,3,5,cat,dog,00:00:00,TFL
4436,4,6,deer,frog,00:00:00,TFL
4437,1,1,automobile,automobile,00:00:00,TFL
4438,2,2,bird,bird,00:00:00,TFL
4439,9,9,truck,truck,00:00:00,TFL
4440,2,2,bird,bird,00:00:00,TFL
4441,1,9,automobile,truck,00:00:00,TFL
4442,3,0,cat,airplane,00:00:00,TFL
4443,4,4,deer,deer,00:00:00,TFL
4444,8,8,ship,ship,00:00:00,TFL
4445,9,9,truck,truck,00:00:00,TFL
4446,0,8,airplane,ship,00:00:00,TFL
4447,0,8,airplane,ship,00:00:00,TFL
4448,4,4,deer,deer,00:00:00,TFL
4449,9,9,truck,truck,00:00:00,TFL
4450,0,0,airplane,airplane,00:00:00,TFL
4451,2,2,bird,bird,00:00:00,TFL
4452,2,2,bird,bird,00:00:00,TFL
4453,0,0,airplane,airplane,00:00:00,TFL
4454,6,6,frog,frog,00:00:00,TFL
4455,8,8,ship,ship,00:00:00,TFL
4456,7,7,horse,horse,00:00:00,TFL
4457,3,3,cat,cat,00:00:00,TFL
4458,3,3,cat,cat,00:00:00,TFL
4459,8,8,ship,ship,00:00:00,TFL
4460,9,9,truck,truck,00:00:00,TFL
4461,0,0,airplane,airplane,00:00:00,TFL
4462,2,2,bird,bird,00:00:00,TFL
4463,5,5,dog,dog,00:00:00,TFL
4464,3,3,cat,cat,00:00:00,TFL
4465,6,6,frog,frog,00:00:00,TFL
4466,1,1,automobile,automobile,00:00:00,TFL
4467,3,3,cat,cat,00:00:00,TFL
4468,9,9,truck,truck,00:00:00,TFL
4469,5,5,dog,dog,00:00:00,TFL
4470,0,0,airplane,airplane,00:00:00,TFL
4471,5,5,dog,dog,00:00:00,TFL
4472,4,4,deer,deer,00:00:00,TFL
4473,4,4,deer,deer,00:00:00,TFL
4474,0,8,airplane,ship,00:00:00,TFL
4475,1,1,automobile,automobile,00:00:00,TFL
4476,1,5,automobile,dog,00:00:00,TFL
4477,6,6,frog,frog,00:00:00,TFL
4478,1,1,automobile,automobile,00:00:00,TFL
4479,7,7,horse,horse,00:00:00,TFL
4480,9,9,truck,truck,00:00:00,TFL
4481,9,9,truck,truck,00:00:00,TFL
4482,6,6,frog,frog,00:00:00,TFL
4483,2,2,bird,bird,00:00:00,TFL
4484,4,4,deer,deer,00:00:00,TFL
4485,3,7,cat,horse,00:00:00,TFL
4486,8,1,ship,automobile,00:00:00,TFL
4487,3,5,cat,dog,00:00:00,TFL
4488,4,4,deer,deer,00:00:00,TFL
4489,7,7,horse,horse,00:00:00,TFL
4490,0,0,airplane,airplane,00:00:00,TFL
4491,2,5,bird,dog,00:00:00,TFL
4492,8,8,ship,ship,00:00:00,TFL
4493,4,4,deer,deer,00:00:00,TFL
4494,8,8,ship,ship,00:00:00,TFL
4495,3,3,cat,cat,00:00:00,TFL
4496,8,8,ship,ship,00:00:00,TFL
4497,8,8,ship,ship,00:00:00,TFL
4498,8,8,ship,ship,00:00:00,TFL
4499,3,3,cat,cat,00:00:00,TFL
4500,3,3,cat,cat,00:00:00,TFL
4501,5,5,dog,dog,00:00:00,TFL
4502,7,7,horse,horse,00:00:00,TFL
4503,7,3,horse,cat,00:00:00,TFL
4504,0,0,airplane,airplane,00:00:00,TFL
4505,4,4,deer,deer,00:00:00,TFL
4506,1,1,automobile,automobile,00:00:00,TFL
4507,5,5,dog,dog,00:00:00,TFL
4508,9,9,truck,truck,00:00:00,TFL
4509,7,7,horse,horse,00:00:00,TFL
4510,0,0,airplane,airplane,00:00:00,TFL
4511,6,6,frog,frog,00:00:00,TFL
4512,8,8,ship,ship,00:00:00,TFL
4513,4,4,deer,deer,00:00:00,TFL
4514,9,9,truck,truck,00:00:00,TFL
4515,0,0,airplane,airplane,00:00:00,TFL
4516,1,1,automobile,automobile,00:00:00,TFL
4517,8,8,ship,ship,00:00:00,TFL
4518,9,9,truck,truck,00:00:00,TFL
4519,6,6,frog,frog,00:00:00,TFL
4520,3,3,cat,cat,00:00:00,TFL
4521,9,9,truck,truck,00:00:00,TFL
4522,2,2,bird,bird,00:00:00,TFL
4523,4,4,deer,deer,00:00:00,TFL
4524,4,4,deer,deer,00:00:00,TFL
4525,0,3,airplane,cat,00:00:00,TFL
4526,3,3,cat,cat,00:00:00,TFL
4527,3,3,cat,cat,00:00:00,TFL
4528,5,5,dog,dog,00:00:00,TFL
4529,4,4,deer,deer,00:00:00,TFL
4530,5,5,dog,dog,00:00:00,TFL
4531,1,1,automobile,automobile,00:00:00,TFL
4532,1,1,automobile,automobile,00:00:00,TFL
4533,8,8,ship,ship,00:00:00,TFL
4534,2,2,bird,bird,00:00:00,TFL
4535,2,2,bird,bird,00:00:00,TFL
4536,9,1,truck,automobile,00:00:00,TFL
4537,3,3,cat,cat,00:00:00,TFL
4538,7,7,horse,horse,00:00:00,TFL
4539,8,8,ship,ship,00:00:00,TFL
4540,9,9,truck,truck,00:00:00,TFL
4541,2,2,bird,bird,00:00:00,TFL
4542,3,3,cat,cat,00:00:00,TFL
4543,1,1,automobile,automobile,00:00:00,TFL
4544,7,7,horse,horse,00:00:00,TFL
4545,3,3,cat,cat,00:00:00,TFL
4546,2,2,bird,bird,00:00:00,TFL
4547,3,6,cat,frog,00:00:00,TFL
4548,0,4,airplane,deer,00:00:00,TFL
4549,1,1,automobile,automobile,00:00:00,TFL
4550,9,9,truck,truck,00:00:00,TFL
4551,5,5,dog,dog,00:00:00,TFL
4552,5,3,dog,cat,00:00:00,TFL
4553,3,3,cat,cat,00:00:00,TFL
4554,4,4,deer,deer,00:00:00,TFL
4555,5,5,dog,dog,00:00:00,TFL
4556,2,2,bird,bird,00:00:00,TFL
4557,0,0,airplane,airplane,00:00:00,TFL
4558,0,0,airplane,airplane,00:00:00,TFL
4559,3,3,cat,cat,00:00:00,TFL
4560,1,1,automobile,automobile,00:00:00,TFL
4561,3,3,cat,cat,00:00:00,TFL
4562,4,4,deer,deer,00:00:00,TFL
4563,7,7,horse,horse,00:00:00,TFL
4564,4,4,deer,deer,00:00:00,TFL
4565,2,4,bird,deer,00:00:00,TFL
4566,8,8,ship,ship,00:00:00,TFL
4567,4,4,deer,deer,00:00:00,TFL
4568,8,8,ship,ship,00:00:00,TFL
4569,9,9,truck,truck,00:00:00,TFL
4570,9,9,truck,truck,00:00:00,TFL
4571,4,4,deer,deer,00:00:00,TFL
4572,2,3,bird,cat,00:00:00,TFL
4573,4,4,deer,deer,00:00:00,TFL
4574,3,3,cat,cat,00:00:00,TFL
4575,6,6,frog,frog,00:00:00,TFL
4576,4,4,deer,deer,00:00:00,TFL
4577,6,6,frog,frog,00:00:00,TFL
4578,4,4,deer,deer,00:00:00,TFL
4579,6,6,frog,frog,00:00:00,TFL
4580,6,6,frog,frog,00:00:00,TFL
4581,3,3,cat,cat,00:00:00,TFL
4582,8,8,ship,ship,00:00:00,TFL
4583,7,7,horse,horse,00:00:00,TFL
4584,4,4,deer,deer,00:00:00,TFL
4585,8,8,ship,ship,00:00:00,TFL
4586,0,0,airplane,airplane,00:00:00,TFL
4587,5,5,dog,dog,00:00:00,TFL
4588,9,9,truck,truck,00:00:00,TFL
4589,3,3,cat,cat,00:00:00,TFL
4590,9,2,truck,bird,00:00:00,TFL
4591,0,0,airplane,airplane,00:00:00,TFL
4592,7,7,horse,horse,00:00:00,TFL
4593,5,5,dog,dog,00:00:00,TFL
4594,1,1,automobile,automobile,00:00:00,TFL
4595,9,9,truck,truck,00:00:00,TFL
4596,7,7,horse,horse,00:00:00,TFL
4597,9,9,truck,truck,00:00:00,TFL
4598,1,1,automobile,automobile,00:00:00,TFL
4599,8,1,ship,automobile,00:00:00,TFL
4600,4,4,deer,deer,00:00:00,TFL
4601,2,2,bird,bird,00:00:00,TFL
4602,1,1,automobile,automobile,00:00:00,TFL
4603,6,6,frog,frog,00:00:00,TFL
4604,4,4,deer,deer,00:00:00,TFL
4605,3,6,cat,frog,00:00:00,TFL
4606,0,0,airplane,airplane,00:00:00,TFL
4607,1,1,automobile,automobile,00:00:00,TFL
4608,4,4,deer,deer,00:00:00,TFL
4609,8,9,ship,truck,00:00:00,TFL
4610,6,6,frog,frog,00:00:00,TFL
4611,1,1,automobile,automobile,00:00:00,TFL
4612,7,7,horse,horse,00:00:00,TFL
4613,1,1,automobile,automobile,00:00:00,TFL
4614,3,4,cat,deer,00:00:00,TFL
4615,5,4,dog,deer,00:00:00,TFL
4616,4,4,deer,deer,00:00:00,TFL
4617,3,3,cat,cat,00:00:00,TFL
4618,3,3,cat,cat,00:00:00,TFL
4619,9,9,truck,truck,00:00:00,TFL
4620,7,7,horse,horse,00:00:00,TFL
4621,8,8,ship,ship,00:00:00,TFL
4622,2,2,bird,bird,00:00:00,TFL
4623,5,5,dog,dog,00:00:00,TFL
4624,5,4,dog,deer,00:00:00,TFL
4625,4,4,deer,deer,00:00:00,TFL
4626,5,5,dog,dog,00:00:00,TFL
4627,4,4,deer,deer,00:00:00,TFL
4628,5,5,dog,dog,00:00:00,TFL
4629,7,7,horse,horse,00:00:00,TFL
4630,2,3,bird,cat,00:00:00,TFL
4631,5,5,dog,dog,00:00:00,TFL
4632,5,3,dog,cat,00:00:00,TFL
4633,1,1,automobile,automobile,00:00:00,TFL
4634,7,5,horse,dog,00:00:00,TFL
4635,7,7,horse,horse,00:00:00,TFL
4636,8,8,ship,ship,00:00:00,TFL
4637,3,3,cat,cat,00:00:00,TFL
4638,6,6,frog,frog,00:00:00,TFL
4639,0,0,airplane,airplane,00:00:00,TFL
4640,2,2,bird,bird,00:00:00,TFL
4641,5,5,dog,dog,00:00:00,TFL
4642,2,2,bird,bird,00:00:00,TFL
4643,3,5,cat,dog,00:00:00,TFL
4644,7,7,horse,horse,00:00:00,TFL
4645,4,4,deer,deer,00:00:00,TFL
4646,2,2,bird,bird,00:00:00,TFL
4647,1,1,automobile,automobile,00:00:00,TFL
4648,6,6,frog,frog,00:00:00,TFL
4649,8,8,ship,ship,00:00:00,TFL
4650,6,6,frog,frog,00:00:00,TFL
4651,8,8,ship,ship,00:00:00,TFL
4652,3,3,cat,cat,00:00:00,TFL
4653,2,2,bird,bird,00:00:00,TFL
4654,7,7,horse,horse,00:00:00,TFL
4655,7,5,horse,dog,00:00:00,TFL
4656,9,9,truck,truck,00:00:00,TFL
4657,7,7,horse,horse,00:00:00,TFL
4658,1,1,automobile,automobile,00:00:00,TFL
4659,4,4,deer,deer,00:00:00,TFL
4660,7,3,horse,cat,00:00:00,TFL
4661,4,5,deer,dog,00:00:00,TFL
4662,6,6,frog,frog,00:00:00,TFL
4663,1,1,automobile,automobile,00:00:00,TFL
4664,7,7,horse,horse,00:00:00,TFL
4665,3,3,cat,cat,00:00:00,TFL
4666,0,0,airplane,airplane,00:00:00,TFL
4667,0,0,airplane,airplane,00:00:00,TFL
4668,6,6,frog,frog,00:00:00,TFL
4669,6,6,frog,frog,00:00:00,TFL
4670,8,8,ship,ship,00:00:00,TFL
4671,6,6,frog,frog,00:00:00,TFL
4672,6,6,frog,frog,00:00:00,TFL
4673,0,0,airplane,airplane,00:00:00,TFL
4674,3,3,cat,cat,00:00:00,TFL
4675,4,4,deer,deer,00:00:00,TFL
4676,7,7,horse,horse,00:00:00,TFL
4677,4,4,deer,deer,00:00:00,TFL
4678,9,8,truck,ship,00:00:00,TFL
4679,4,4,deer,deer,00:00:00,TFL
4680,9,9,truck,truck,00:00:00,TFL
4681,9,1,truck,automobile,00:00:00,TFL
4682,3,5,cat,dog,00:00:00,TFL
4683,4,4,deer,deer,00:00:00,TFL
4684,1,1,automobile,automobile,00:00:00,TFL
4685,4,4,deer,deer,00:00:00,TFL
4686,0,0,airplane,airplane,00:00:00,TFL
4687,3,3,cat,cat,00:00:00,TFL
4688,7,7,horse,horse,00:00:00,TFL
4689,1,1,automobile,automobile,00:00:00,TFL
4690,2,2,bird,bird,00:00:00,TFL
4691,2,6,bird,frog,00:00:00,TFL
4692,8,8,ship,ship,00:00:00,TFL
4693,4,4,deer,deer,00:00:00,TFL
4694,7,7,horse,horse,00:00:00,TFL
4695,8,8,ship,ship,00:00:00,TFL
4696,5,3,dog,cat,00:00:00,TFL
4697,5,5,dog,dog,00:00:00,TFL
4698,6,6,frog,frog,00:00:00,TFL
4699,5,5,dog,dog,00:00:00,TFL
4700,6,6,frog,frog,00:00:00,TFL
4701,0,0,airplane,airplane,00:00:00,TFL
4702,6,6,frog,frog,00:00:00,TFL
4703,4,4,deer,deer,00:00:00,TFL
4704,9,9,truck,truck,00:00:00,TFL
4705,3,4,cat,deer,00:00:00,TFL
4706,2,2,bird,bird,00:00:00,TFL
4707,7,7,horse,horse,00:00:00,TFL
4708,3,3,cat,cat,00:00:00,TFL
4709,8,8,ship,ship,00:00:00,TFL
4710,3,3,cat,cat,00:00:00,TFL
4711,9,9,truck,truck,00:00:00,TFL
4712,4,4,deer,deer,00:00:00,TFL
4713,1,1,automobile,automobile,00:00:00,TFL
4714,6,6,frog,frog,00:00:00,TFL
4715,9,1,truck,automobile,00:00:00,TFL
4716,9,9,truck,truck,00:00:00,TFL
4717,4,4,deer,deer,00:00:00,TFL
4718,3,5,cat,dog,00:00:00,TFL
4719,9,9,truck,truck,00:00:00,TFL
4720,8,0,ship,airplane,00:00:00,TFL
4721,1,1,automobile,automobile,00:00:00,TFL
4722,6,3,frog,cat,00:00:00,TFL
4723,9,9,truck,truck,00:00:00,TFL
4724,5,5,dog,dog,00:00:00,TFL
4725,9,9,truck,truck,00:00:00,TFL
4726,0,0,airplane,airplane,00:00:00,TFL
4727,9,9,truck,truck,00:00:00,TFL
4728,7,7,horse,horse,00:00:00,TFL
4729,2,3,bird,cat,00:00:00,TFL
4730,2,5,bird,dog,00:00:00,TFL
4731,4,4,deer,deer,00:00:00,TFL
4732,2,4,bird,deer,00:00:00,TFL
4733,6,6,frog,frog,00:00:00,TFL
4734,4,4,deer,deer,00:00:00,TFL
4735,8,0,ship,airplane,00:00:00,TFL
4736,1,1,automobile,automobile,00:00:00,TFL
4737,9,9,truck,truck,00:00:00,TFL
4738,5,5,dog,dog,00:00:00,TFL
4739,6,6,frog,frog,00:00:00,TFL
4740,5,5,dog,dog,00:00:00,TFL
4741,1,1,automobile,automobile,00:00:00,TFL
4742,8,8,ship,ship,00:00:00,TFL
4743,6,6,frog,frog,00:00:00,TFL
4744,6,0,frog,airplane,00:00:00,TFL
4745,7,7,horse,horse,00:00:00,TFL
4746,6,6,frog,frog,00:00:00,TFL
4747,5,5,dog,dog,00:00:00,TFL
4748,0,0,airplane,airplane,00:00:00,TFL
4749,2,3,bird,cat,00:00:00,TFL
4750,7,9,horse,truck,00:00:00,TFL
4751,6,6,frog,frog,00:00:00,TFL
4752,1,1,automobile,automobile,00:00:00,TFL
4753,2,2,bird,bird,00:00:00,TFL
4754,3,0,cat,airplane,00:00:00,TFL
4755,1,1,automobile,automobile,00:00:00,TFL
4756,6,6,frog,frog,00:00:00,TFL
4757,4,4,deer,deer,00:00:00,TFL
4758,9,9,truck,truck,00:00:00,TFL
4759,0,0,airplane,airplane,00:00:00,TFL
4760,3,1,cat,automobile,00:00:00,TFL
4761,9,9,truck,truck,00:00:00,TFL
4762,1,1,automobile,automobile,00:00:00,TFL
4763,0,0,airplane,airplane,00:00:00,TFL
4764,5,5,dog,dog,00:00:00,TFL
4765,3,4,cat,deer,00:00:00,TFL
4766,1,1,automobile,automobile,00:00:00,TFL
4767,6,6,frog,frog,00:00:00,TFL
4768,9,9,truck,truck,00:00:00,TFL
4769,8,8,ship,ship,00:00:00,TFL
4770,9,9,truck,truck,00:00:00,TFL
4771,0,0,airplane,airplane,00:00:00,TFL
4772,6,6,frog,frog,00:00:00,TFL
4773,1,1,automobile,automobile,00:00:00,TFL
4774,6,6,frog,frog,00:00:00,TFL
4775,2,2,bird,bird,00:00:00,TFL
4776,3,3,cat,cat,00:00:00,TFL
4777,5,5,dog,dog,00:00:00,TFL
4778,6,6,frog,frog,00:00:00,TFL
4779,9,1,truck,automobile,00:00:00,TFL
4780,0,0,airplane,airplane,00:00:00,TFL
4781,7,7,horse,horse,00:00:00,TFL
4782,2,2,bird,bird,00:00:00,TFL
4783,4,4,deer,deer,00:00:00,TFL
4784,0,8,airplane,ship,00:00:00,TFL
4785,3,3,cat,cat,00:00:00,TFL
4786,6,5,frog,dog,00:00:00,TFL
4787,8,8,ship,ship,00:00:00,TFL
4788,6,6,frog,frog,00:00:00,TFL
4789,9,9,truck,truck,00:00:00,TFL
4790,1,1,automobile,automobile,00:00:00,TFL
4791,9,9,truck,truck,00:00:00,TFL
4792,0,4,airplane,deer,00:00:00,TFL
4793,6,6,frog,frog,00:00:00,TFL
4794,4,2,deer,bird,00:00:00,TFL
4795,5,3,dog,cat,00:00:00,TFL
4796,9,9,truck,truck,00:00:00,TFL
4797,5,5,dog,dog,00:00:00,TFL
4798,4,4,deer,deer,00:00:00,TFL
4799,1,1,automobile,automobile,00:00:00,TFL
4800,9,9,truck,truck,00:00:00,TFL
4801,2,2,bird,bird,00:00:00,TFL
4802,0,0,airplane,airplane,00:00:00,TFL
4803,7,7,horse,horse,00:00:00,TFL
4804,3,3,cat,cat,00:00:00,TFL
4805,5,3,dog,cat,00:00:00,TFL
4806,1,1,automobile,automobile,00:00:00,TFL
4807,8,8,ship,ship,00:00:00,TFL
4808,3,3,cat,cat,00:00:00,TFL
4809,0,0,airplane,airplane,00:00:00,TFL
4810,5,5,dog,dog,00:00:00,TFL
4811,2,2,bird,bird,00:00:00,TFL
4812,8,8,ship,ship,00:00:00,TFL
4813,8,8,ship,ship,00:00:00,TFL
4814,3,3,cat,cat,00:00:00,TFL
4815,9,9,truck,truck,00:00:00,TFL
4816,6,6,frog,frog,00:00:00,TFL
4817,0,0,airplane,airplane,00:00:00,TFL
4818,3,9,cat,truck,00:00:00,TFL
4819,5,5,dog,dog,00:00:00,TFL
4820,3,3,cat,cat,00:00:00,TFL
4821,4,4,deer,deer,00:00:00,TFL
4822,1,1,automobile,automobile,00:00:00,TFL
4823,5,5,dog,dog,00:00:00,TFL
4824,0,0,airplane,airplane,00:00:00,TFL
4825,7,7,horse,horse,00:00:00,TFL
4826,3,3,cat,cat,00:00:00,TFL
4827,9,9,truck,truck,00:00:00,TFL
4828,4,4,deer,deer,00:00:00,TFL
4829,5,5,dog,dog,00:00:00,TFL
4830,3,3,cat,cat,00:00:00,TFL
4831,1,1,automobile,automobile,00:00:00,TFL
4832,4,4,deer,deer,00:00:00,TFL
4833,2,5,bird,dog,00:00:00,TFL
4834,4,4,deer,deer,00:00:00,TFL
4835,9,9,truck,truck,00:00:00,TFL
4836,9,9,truck,truck,00:00:00,TFL
4837,7,7,horse,horse,00:00:00,TFL
4838,1,1,automobile,automobile,00:00:00,TFL
4839,7,7,horse,horse,00:00:00,TFL
4840,0,0,airplane,airplane,00:00:00,TFL
4841,1,1,automobile,automobile,00:00:00,TFL
4842,2,2,bird,bird,00:00:00,TFL
4843,1,1,automobile,automobile,00:00:00,TFL
4844,5,5,dog,dog,00:00:00,TFL
4845,3,3,cat,cat,00:00:00,TFL
4846,8,8,ship,ship,00:00:00,TFL
4847,4,4,deer,deer,00:00:00,TFL
4848,1,1,automobile,automobile,00:00:00,TFL
4849,5,5,dog,dog,00:00:00,TFL
4850,1,1,automobile,automobile,00:00:00,TFL
4851,9,9,truck,truck,00:00:00,TFL
4852,9,9,truck,truck,00:00:00,TFL
4853,7,7,horse,horse,00:00:00,TFL
4854,0,0,airplane,airplane,00:00:00,TFL
4855,1,1,automobile,automobile,00:00:00,TFL
4856,7,7,horse,horse,00:00:00,TFL
4857,6,6,frog,frog,00:00:00,TFL
4858,2,0,bird,airplane,00:00:00,TFL
4859,6,6,frog,frog,00:00:00,TFL
4860,5,5,dog,dog,00:00:00,TFL
4861,0,9,airplane,truck,00:00:00,TFL
4862,3,2,cat,bird,00:00:00,TFL
4863,1,1,automobile,automobile,00:00:00,TFL
4864,3,3,cat,cat,00:00:00,TFL
4865,8,9,ship,truck,00:00:00,TFL
4866,9,9,truck,truck,00:00:00,TFL
4867,9,1,truck,automobile,00:00:00,TFL
4868,0,0,airplane,airplane,00:00:00,TFL
4869,8,8,ship,ship,00:00:00,TFL
4870,8,9,ship,truck,00:00:00,TFL
4871,7,5,horse,dog,00:00:00,TFL
4872,9,9,truck,truck,00:00:00,TFL
4873,2,3,bird,cat,00:00:00,TFL
4874,9,9,truck,truck,00:00:00,TFL
4875,1,1,automobile,automobile,00:00:00,TFL
4876,3,3,cat,cat,00:00:00,TFL
4877,6,6,frog,frog,00:00:00,TFL
4878,7,7,horse,horse,00:00:00,TFL
4879,6,6,frog,frog,00:00:00,TFL
4880,0,0,airplane,airplane,00:00:00,TFL
4881,8,8,ship,ship,00:00:00,TFL
4882,6,6,frog,frog,00:00:00,TFL
4883,2,5,bird,dog,00:00:00,TFL
4884,4,4,deer,deer,00:00:00,TFL
4885,2,2,bird,bird,00:00:00,TFL
4886,3,3,cat,cat,00:00:00,TFL
4887,5,5,dog,dog,00:00:00,TFL
4888,5,5,dog,dog,00:00:00,TFL
4889,4,4,deer,deer,00:00:00,TFL
4890,1,1,automobile,automobile,00:00:00,TFL
4891,6,6,frog,frog,00:00:00,TFL
4892,7,4,horse,deer,00:00:00,TFL
4893,1,1,automobile,automobile,00:00:00,TFL
4894,6,4,frog,deer,00:00:00,TFL
4895,1,1,automobile,automobile,00:00:00,TFL
4896,7,7,horse,horse,00:00:00,TFL
4897,1,1,automobile,automobile,00:00:00,TFL
4898,6,6,frog,frog,00:00:00,TFL
4899,2,2,bird,bird,00:00:00,TFL
4900,3,3,cat,cat,00:00:00,TFL
4901,0,0,airplane,airplane,00:00:00,TFL
4902,4,4,deer,deer,00:00:00,TFL
4903,2,2,bird,bird,00:00:00,TFL
4904,9,9,truck,truck,00:00:00,TFL
4905,7,7,horse,horse,00:00:00,TFL
4906,5,3,dog,cat,00:00:00,TFL
4907,5,5,dog,dog,00:00:00,TFL
4908,6,6,frog,frog,00:00:00,TFL
4909,0,0,airplane,airplane,00:00:00,TFL
4910,8,9,ship,truck,00:00:00,TFL
4911,8,8,ship,ship,00:00:00,TFL
4912,1,1,automobile,automobile,00:00:00,TFL
4913,1,1,automobile,automobile,00:00:00,TFL
4914,3,3,cat,cat,00:00:00,TFL
4915,5,5,dog,dog,00:00:00,TFL
4916,6,6,frog,frog,00:00:00,TFL
4917,5,3,dog,cat,00:00:00,TFL
4918,3,3,cat,cat,00:00:00,TFL
4919,8,8,ship,ship,00:00:00,TFL
4920,7,7,horse,horse,00:00:00,TFL
4921,5,5,dog,dog,00:00:00,TFL
4922,0,0,airplane,airplane,00:00:00,TFL
4923,7,7,horse,horse,00:00:00,TFL
4924,7,5,horse,dog,00:00:00,TFL
4925,5,5,dog,dog,00:00:00,TFL
4926,7,0,horse,airplane,00:00:00,TFL
4927,1,1,automobile,automobile,00:00:00,TFL
4928,9,9,truck,truck,00:00:00,TFL
4929,9,9,truck,truck,00:00:00,TFL
4930,1,1,automobile,automobile,00:00:00,TFL
4931,9,1,truck,automobile,00:00:00,TFL
4932,9,9,truck,truck,00:00:00,TFL
4933,3,3,cat,cat,00:00:00,TFL
4934,5,5,dog,dog,00:00:00,TFL
4935,5,5,dog,dog,00:00:00,TFL
4936,3,3,cat,cat,00:00:00,TFL
4937,0,0,airplane,airplane,00:00:00,TFL
4938,3,9,cat,truck,00:00:00,TFL
4939,0,0,airplane,airplane,00:00:00,TFL
4940,6,6,frog,frog,00:00:00,TFL
4941,6,6,frog,frog,00:00:00,TFL
4942,5,0,dog,airplane,00:00:00,TFL
4943,6,6,frog,frog,00:00:00,TFL
4944,8,8,ship,ship,00:00:00,TFL
4945,9,9,truck,truck,00:00:00,TFL
4946,4,4,deer,deer,00:00:00,TFL
4947,5,6,dog,frog,00:00:00,TFL
4948,1,1,automobile,automobile,00:00:00,TFL
4949,1,1,automobile,automobile,00:00:00,TFL
4950,2,2,bird,bird,00:00:00,TFL
4951,7,2,horse,bird,00:00:00,TFL
4952,9,9,truck,truck,00:00:00,TFL
4953,0,0,airplane,airplane,00:00:00,TFL
4954,1,1,automobile,automobile,00:00:00,TFL
4955,2,0,bird,airplane,00:00:00,TFL
4956,5,5,dog,dog,00:00:00,TFL
4957,4,4,deer,deer,00:00:00,TFL
4958,4,4,deer,deer,00:00:00,TFL
4959,7,7,horse,horse,00:00:00,TFL
4960,4,4,deer,deer,00:00:00,TFL
4961,8,8,ship,ship,00:00:00,TFL
4962,3,3,cat,cat,00:00:00,TFL
4963,3,5,cat,dog,00:00:00,TFL
4964,5,4,dog,deer,00:00:00,TFL
4965,3,4,cat,deer,00:00:00,TFL
4966,5,5,dog,dog,00:00:00,TFL
4967,7,0,horse,airplane,00:00:00,TFL
4968,0,0,airplane,airplane,00:00:00,TFL
4969,1,1,automobile,automobile,00:00:00,TFL
4970,2,2,bird,bird,00:00:00,TFL
4971,9,9,truck,truck,00:00:00,TFL
4972,8,8,ship,ship,00:00:00,TFL
4973,1,1,automobile,automobile,00:00:00,TFL
4974,7,7,horse,horse,00:00:00,TFL
4975,3,3,cat,cat,00:00:00,TFL
4976,5,5,dog,dog,00:00:00,TFL
4977,9,9,truck,truck,00:00:00,TFL
4978,1,1,automobile,automobile,00:00:00,TFL
4979,9,9,truck,truck,00:00:00,TFL
4980,1,1,automobile,automobile,00:00:00,TFL
4981,1,1,automobile,automobile,00:00:00,TFL
4982,3,5,cat,dog,00:00:00,TFL
4983,6,6,frog,frog,00:00:00,TFL
4984,7,7,horse,horse,00:00:00,TFL
4985,4,5,deer,dog,00:00:00,TFL
4986,8,9,ship,truck,00:00:00,TFL
4987,3,3,cat,cat,00:00:00,TFL
4988,5,5,dog,dog,00:00:00,TFL
4989,6,6,frog,frog,00:00:00,TFL
4990,7,7,horse,horse,00:00:00,TFL
4991,0,0,airplane,airplane,00:00:00,TFL
4992,1,1,automobile,automobile,00:00:00,TFL
4993,7,7,horse,horse,00:00:00,TFL
4994,7,7,horse,horse,00:00:00,TFL
4995,2,5,bird,dog,00:00:00,TFL
4996,3,5,cat,dog,00:00:00,TFL
4997,3,3,cat,cat,00:00:00,TFL
4998,5,5,dog,dog,00:00:00,TFL
4999,1,1,automobile,automobile,00:00:00,TFL
5000,7,7,horse,horse,00:00:00,TFL
5001,6,6,frog,frog,00:00:00,TFL
5002,8,8,ship,ship,00:00:00,TFL
5003,4,4,deer,deer,00:00:00,TFL
5004,4,4,deer,deer,00:00:00,TFL
5005,5,5,dog,dog,00:00:00,TFL
5006,7,2,horse,bird,00:00:00,TFL
5007,3,3,cat,cat,00:00:00,TFL
5008,4,4,deer,deer,00:00:00,TFL
5009,7,7,horse,horse,00:00:00,TFL
5010,7,7,horse,horse,00:00:00,TFL
5011,3,3,cat,cat,00:00:00,TFL
5012,6,6,frog,frog,00:00:00,TFL
5013,0,0,airplane,airplane,00:00:00,TFL
5014,7,7,horse,horse,00:00:00,TFL
5015,2,2,bird,bird,00:00:00,TFL
5016,6,6,frog,frog,00:00:00,TFL
5017,7,7,horse,horse,00:00:00,TFL
5018,4,4,deer,deer,00:00:00,TFL
5019,1,1,automobile,automobile,00:00:00,TFL
5020,8,8,ship,ship,00:00:00,TFL
5021,0,0,airplane,airplane,00:00:00,TFL
5022,2,2,bird,bird,00:00:00,TFL
5023,2,4,bird,deer,00:00:00,TFL
5024,1,1,automobile,automobile,00:00:00,TFL
5025,5,5,dog,dog,00:00:00,TFL
5026,4,4,deer,deer,00:00:00,TFL
5027,0,0,airplane,airplane,00:00:00,TFL
5028,9,9,truck,truck,00:00:00,TFL
5029,3,3,cat,cat,00:00:00,TFL
5030,4,0,deer,airplane,00:00:00,TFL
5031,4,8,deer,ship,00:00:00,TFL
5032,2,2,bird,bird,00:00:00,TFL
5033,3,3,cat,cat,00:00:00,TFL
5034,8,8,ship,ship,00:00:00,TFL
5035,5,5,dog,dog,00:00:00,TFL
5036,0,0,airplane,airplane,00:00:00,TFL
5037,0,1,airplane,automobile,00:00:00,TFL
5038,4,4,deer,deer,00:00:00,TFL
5039,6,6,frog,frog,00:00:00,TFL
5040,3,3,cat,cat,00:00:00,TFL
5041,9,1,truck,automobile,00:00:00,TFL
5042,2,2,bird,bird,00:00:00,TFL
5043,0,0,airplane,airplane,00:00:00,TFL
5044,5,5,dog,dog,00:00:00,TFL
5045,7,7,horse,horse,00:00:00,TFL
5046,5,5,dog,dog,00:00:00,TFL
5047,5,5,dog,dog,00:00:00,TFL
5048,1,1,automobile,automobile,00:00:00,TFL
5049,7,7,horse,horse,00:00:00,TFL
5050,3,3,cat,cat,00:00:00,TFL
5051,1,1,automobile,automobile,00:00:00,TFL
5052,6,6,frog,frog,00:00:00,TFL
5053,7,5,horse,dog,00:00:00,TFL
5054,9,9,truck,truck,00:00:00,TFL
5055,0,0,airplane,airplane,00:00:00,TFL
5056,1,6,automobile,frog,00:00:00,TFL
5057,2,2,bird,bird,00:00:00,TFL
5058,1,1,automobile,automobile,00:00:00,TFL
5059,4,4,deer,deer,00:00:00,TFL
5060,6,6,frog,frog,00:00:00,TFL
5061,1,1,automobile,automobile,00:00:00,TFL
5062,5,5,dog,dog,00:00:00,TFL
5063,9,9,truck,truck,00:00:00,TFL
5064,5,5,dog,dog,00:00:00,TFL
5065,0,0,airplane,airplane,00:00:00,TFL
5066,4,4,deer,deer,00:00:00,TFL
5067,9,9,truck,truck,00:00:00,TFL
5068,4,5,deer,dog,00:00:00,TFL
5069,9,9,truck,truck,00:00:00,TFL
5070,7,7,horse,horse,00:00:00,TFL
5071,1,1,automobile,automobile,00:00:00,TFL
5072,6,6,frog,frog,00:00:00,TFL
5073,8,8,ship,ship,00:00:00,TFL
5074,0,2,airplane,bird,00:00:00,TFL
5075,6,6,frog,frog,00:00:00,TFL
5076,5,5,dog,dog,00:00:00,TFL
5077,0,2,airplane,bird,00:00:00,TFL
5078,8,8,ship,ship,00:00:00,TFL
5079,1,1,automobile,automobile,00:00:00,TFL
5080,7,7,horse,horse,00:00:00,TFL
5081,5,5,dog,dog,00:00:00,TFL
5082,6,6,frog,frog,00:00:00,TFL
5083,9,9,truck,truck,00:00:00,TFL
5084,3,3,cat,cat,00:00:00,TFL
5085,2,2,bird,bird,00:00:00,TFL
5086,3,3,cat,cat,00:00:00,TFL
5087,9,9,truck,truck,00:00:00,TFL
5088,8,5,ship,dog,00:00:00,TFL
5089,6,6,frog,frog,00:00:00,TFL
5090,1,1,automobile,automobile,00:00:00,TFL
5091,0,0,airplane,airplane,00:00:00,TFL
5092,9,9,truck,truck,00:00:00,TFL
5093,0,0,airplane,airplane,00:00:00,TFL
5094,9,9,truck,truck,00:00:00,TFL
5095,8,8,ship,ship,00:00:00,TFL
5096,7,7,horse,horse,00:00:00,TFL
5097,7,7,horse,horse,00:00:00,TFL
5098,5,0,dog,airplane,00:00:00,TFL
5099,2,5,bird,dog,00:00:00,TFL
5100,3,3,cat,cat,00:00:00,TFL
5101,5,5,dog,dog,00:00:00,TFL
5102,5,5,dog,dog,00:00:00,TFL
5103,7,7,horse,horse,00:00:00,TFL
5104,8,8,ship,ship,00:00:00,TFL
5105,7,7,horse,horse,00:00:00,TFL
5106,6,6,frog,frog,00:00:00,TFL
5107,9,9,truck,truck,00:00:00,TFL
5108,1,1,automobile,automobile,00:00:00,TFL
5109,9,9,truck,truck,00:00:00,TFL
5110,8,8,ship,ship,00:00:00,TFL
5111,6,6,frog,frog,00:00:00,TFL
5112,5,5,dog,dog,00:00:00,TFL
5113,6,6,frog,frog,00:00:00,TFL
5114,7,7,horse,horse,00:00:00,TFL
5115,5,1,dog,automobile,00:00:00,TFL
5116,6,6,frog,frog,00:00:00,TFL
5117,7,5,horse,dog,00:00:00,TFL
5118,2,3,bird,cat,00:00:00,TFL
5119,5,7,dog,horse,00:00:00,TFL
5120,9,9,truck,truck,00:00:00,TFL
5121,6,6,frog,frog,00:00:00,TFL
5122,6,6,frog,frog,00:00:00,TFL
5123,7,7,horse,horse,00:00:00,TFL
5124,0,0,airplane,airplane,00:00:00,TFL
5125,1,1,automobile,automobile,00:00:00,TFL
5126,0,4,airplane,deer,00:00:00,TFL
5127,1,1,automobile,automobile,00:00:00,TFL
5128,3,4,cat,deer,00:00:00,TFL
5129,2,6,bird,frog,00:00:00,TFL
5130,5,5,dog,dog,00:00:00,TFL
5131,6,6,frog,frog,00:00:00,TFL
5132,1,1,automobile,automobile,00:00:00,TFL
5133,2,2,bird,bird,00:00:00,TFL
5134,5,5,dog,dog,00:00:00,TFL
5135,1,1,automobile,automobile,00:00:00,TFL
5136,9,9,truck,truck,00:00:00,TFL
5137,9,9,truck,truck,00:00:00,TFL
5138,8,8,ship,ship,00:00:00,TFL
5139,6,6,frog,frog,00:00:00,TFL
5140,8,8,ship,ship,00:00:00,TFL
5141,6,6,frog,frog,00:00:00,TFL
5142,8,8,ship,ship,00:00:00,TFL
5143,9,9,truck,truck,00:00:00,TFL
5144,0,0,airplane,airplane,00:00:00,TFL
5145,4,4,deer,deer,00:00:00,TFL
5146,0,8,airplane,ship,00:00:00,TFL
5147,3,3,cat,cat,00:00:00,TFL
5148,3,3,cat,cat,00:00:00,TFL
5149,6,6,frog,frog,00:00:00,TFL
5150,4,4,deer,deer,00:00:00,TFL
5151,9,3,truck,cat,00:00:00,TFL
5152,9,9,truck,truck,00:00:00,TFL
5153,7,7,horse,horse,00:00:00,TFL
5154,2,2,bird,bird,00:00:00,TFL
5155,3,5,cat,dog,00:00:00,TFL
5156,5,5,dog,dog,00:00:00,TFL
5157,6,6,frog,frog,00:00:00,TFL
5158,4,5,deer,dog,00:00:00,TFL
5159,6,6,frog,frog,00:00:00,TFL
5160,0,0,airplane,airplane,00:00:00,TFL
5161,3,3,cat,cat,00:00:00,TFL
5162,7,2,horse,bird,00:00:00,TFL
5163,5,5,dog,dog,00:00:00,TFL
5164,0,0,airplane,airplane,00:00:00,TFL
5165,2,2,bird,bird,00:00:00,TFL
5166,9,7,truck,horse,00:00:00,TFL
5167,2,2,bird,bird,00:00:00,TFL
5168,7,7,horse,horse,00:00:00,TFL
5169,2,2,bird,bird,00:00:00,TFL
5170,9,9,truck,truck,00:00:00,TFL
5171,2,2,bird,bird,00:00:00,TFL
5172,4,3,deer,cat,00:00:00,TFL
5173,0,0,airplane,airplane,00:00:00,TFL
5174,6,6,frog,frog,00:00:00,TFL
5175,6,6,frog,frog,00:00:00,TFL
5176,3,3,cat,cat,00:00:00,TFL
5177,4,3,deer,cat,00:00:00,TFL
5178,5,5,dog,dog,00:00:00,TFL
5179,5,5,dog,dog,00:00:00,TFL
5180,9,9,truck,truck,00:00:00,TFL
5181,1,1,automobile,automobile,00:00:00,TFL
5182,1,1,automobile,automobile,00:00:00,TFL
5183,4,3,deer,cat,00:00:00,TFL
5184,4,4,deer,deer,00:00:00,TFL
5185,3,3,cat,cat,00:00:00,TFL
5186,5,5,dog,dog,00:00:00,TFL
5187,4,4,deer,deer,00:00:00,TFL
5188,8,8,ship,ship,00:00:00,TFL
5189,0,0,airplane,airplane,00:00:00,TFL
5190,0,0,airplane,airplane,00:00:00,TFL
5191,3,3,cat,cat,00:00:00,TFL
5192,9,9,truck,truck,00:00:00,TFL
5193,4,4,deer,deer,00:00:00,TFL
5194,7,7,horse,horse,00:00:00,TFL
5195,4,4,deer,deer,00:00:00,TFL
5196,2,2,bird,bird,00:00:00,TFL
5197,8,8,ship,ship,00:00:00,TFL
5198,3,3,cat,cat,00:00:00,TFL
5199,6,6,frog,frog,00:00:00,TFL
5200,3,3,cat,cat,00:00:00,TFL
5201,1,1,automobile,automobile,00:00:00,TFL
5202,9,9,truck,truck,00:00:00,TFL
5203,6,3,frog,cat,00:00:00,TFL
5204,3,3,cat,cat,00:00:00,TFL
5205,8,0,ship,airplane,00:00:00,TFL
5206,3,7,cat,horse,00:00:00,TFL
5207,8,8,ship,ship,00:00:00,TFL
5208,4,4,deer,deer,00:00:00,TFL
5209,7,7,horse,horse,00:00:00,TFL
5210,5,3,dog,cat,00:00:00,TFL
5211,7,3,horse,cat,00:00:00,TFL
5212,5,1,dog,automobile,00:00:00,TFL
5213,3,7,cat,horse,00:00:00,TFL
5214,1,1,automobile,automobile,00:00:00,TFL
5215,2,2,bird,bird,00:00:00,TFL
5216,6,6,frog,frog,00:00:00,TFL
5217,1,1,automobile,automobile,00:00:00,TFL
5218,3,5,cat,dog,00:00:00,TFL
5219,2,2,bird,bird,00:00:00,TFL
5220,0,0,airplane,airplane,00:00:00,TFL
5221,7,7,horse,horse,00:00:00,TFL
5222,5,5,dog,dog,00:00:00,TFL
5223,0,0,airplane,airplane,00:00:00,TFL
5224,0,0,airplane,airplane,00:00:00,TFL
5225,0,0,airplane,airplane,00:00:00,TFL
5226,1,1,automobile,automobile,00:00:00,TFL
5227,4,6,deer,frog,00:00:00,TFL
5228,3,3,cat,cat,00:00:00,TFL
5229,5,3,dog,cat,00:00:00,TFL
5230,8,8,ship,ship,00:00:00,TFL
5231,4,4,deer,deer,00:00:00,TFL
5232,3,7,cat,horse,00:00:00,TFL
5233,1,1,automobile,automobile,00:00:00,TFL
5234,7,7,horse,horse,00:00:00,TFL
5235,1,1,automobile,automobile,00:00:00,TFL
5236,0,0,airplane,airplane,00:00:00,TFL
5237,4,4,deer,deer,00:00:00,TFL
5238,2,0,bird,airplane,00:00:00,TFL
5239,4,4,deer,deer,00:00:00,TFL
5240,1,9,automobile,truck,00:00:00,TFL
5241,4,4,deer,deer,00:00:00,TFL
5242,0,0,airplane,airplane,00:00:00,TFL
5243,1,1,automobile,automobile,00:00:00,TFL
5244,2,2,bird,bird,00:00:00,TFL
5245,1,1,automobile,automobile,00:00:00,TFL
5246,7,7,horse,horse,00:00:00,TFL
5247,7,7,horse,horse,00:00:00,TFL
5248,9,9,truck,truck,00:00:00,TFL
5249,8,8,ship,ship,00:00:00,TFL
5250,7,7,horse,horse,00:00:00,TFL
5251,5,5,dog,dog,00:00:00,TFL
5252,4,4,deer,deer,00:00:00,TFL
5253,0,0,airplane,airplane,00:00:00,TFL
5254,9,9,truck,truck,00:00:00,TFL
5255,0,0,airplane,airplane,00:00:00,TFL
5256,0,0,airplane,airplane,00:00:00,TFL
5257,8,8,ship,ship,00:00:00,TFL
5258,2,2,bird,bird,00:00:00,TFL
5259,0,0,airplane,airplane,00:00:00,TFL
5260,0,0,airplane,airplane,00:00:00,TFL
5261,2,7,bird,horse,00:00:00,TFL
5262,4,4,deer,deer,00:00:00,TFL
5263,8,8,ship,ship,00:00:00,TFL
5264,6,6,frog,frog,00:00:00,TFL
5265,2,2,bird,bird,00:00:00,TFL
5266,4,4,deer,deer,00:00:00,TFL
5267,6,6,frog,frog,00:00:00,TFL
5268,3,3,cat,cat,00:00:00,TFL
5269,5,5,dog,dog,00:00:00,TFL
5270,1,1,automobile,automobile,00:00:00,TFL
5271,5,5,dog,dog,00:00:00,TFL
5272,3,3,cat,cat,00:00:00,TFL
5273,7,7,horse,horse,00:00:00,TFL
5274,2,3,bird,cat,00:00:00,TFL
5275,2,2,bird,bird,00:00:00,TFL
5276,9,9,truck,truck,00:00:00,TFL
5277,8,8,ship,ship,00:00:00,TFL
5278,0,0,airplane,airplane,00:00:00,TFL
5279,0,0,airplane,airplane,00:00:00,TFL
5280,0,7,airplane,horse,00:00:00,TFL
5281,3,6,cat,frog,00:00:00,TFL
5282,4,4,deer,deer,00:00:00,TFL
5283,4,4,deer,deer,00:00:00,TFL
5284,6,6,frog,frog,00:00:00,TFL
5285,1,1,automobile,automobile,00:00:00,TFL
5286,6,6,frog,frog,00:00:00,TFL
5287,7,5,horse,dog,00:00:00,TFL
5288,4,4,deer,deer,00:00:00,TFL
5289,4,4,deer,deer,00:00:00,TFL
5290,3,5,cat,dog,00:00:00,TFL
5291,9,9,truck,truck,00:00:00,TFL
5292,4,4,deer,deer,00:00:00,TFL
5293,0,0,airplane,airplane,00:00:00,TFL
5294,8,8,ship,ship,00:00:00,TFL
5295,0,0,airplane,airplane,00:00:00,TFL
5296,4,4,deer,deer,00:00:00,TFL
5297,6,6,frog,frog,00:00:00,TFL
5298,5,3,dog,cat,00:00:00,TFL
5299,7,7,horse,horse,00:00:00,TFL
5300,9,9,truck,truck,00:00:00,TFL
5301,7,7,horse,horse,00:00:00,TFL
5302,0,0,airplane,airplane,00:00:00,TFL
5303,5,5,dog,dog,00:00:00,TFL
5304,7,7,horse,horse,00:00:00,TFL
5305,7,7,horse,horse,00:00:00,TFL
5306,3,3,cat,cat,00:00:00,TFL
5307,1,1,automobile,automobile,00:00:00,TFL
5308,9,9,truck,truck,00:00:00,TFL
5309,3,3,cat,cat,00:00:00,TFL
5310,0,2,airplane,bird,00:00:00,TFL
5311,9,9,truck,truck,00:00:00,TFL
5312,5,5,dog,dog,00:00:00,TFL
5313,3,3,cat,cat,00:00:00,TFL
5314,7,9,horse,truck,00:00:00,TFL
5315,9,9,truck,truck,00:00:00,TFL
5316,4,4,deer,deer,00:00:00,TFL
5317,4,4,deer,deer,00:00:00,TFL
5318,1,0,automobile,airplane,00:00:00,TFL
5319,7,7,horse,horse,00:00:00,TFL
5320,7,7,horse,horse,00:00:00,TFL
5321,1,1,automobile,automobile,00:00:00,TFL
5322,4,4,deer,deer,00:00:00,TFL
5323,1,1,automobile,automobile,00:00:00,TFL
5324,2,4,bird,deer,00:00:00,TFL
5325,8,8,ship,ship,00:00:00,TFL
5326,7,7,horse,horse,00:00:00,TFL
5327,0,0,airplane,airplane,00:00:00,TFL
5328,0,0,airplane,airplane,00:00:00,TFL
5329,4,4,deer,deer,00:00:00,TFL
5330,7,7,horse,horse,00:00:00,TFL
5331,2,2,bird,bird,00:00:00,TFL
5332,9,9,truck,truck,00:00:00,TFL
5333,7,7,horse,horse,00:00:00,TFL
5334,6,6,frog,frog,00:00:00,TFL
5335,9,1,truck,automobile,00:00:00,TFL
5336,3,3,cat,cat,00:00:00,TFL
5337,5,5,dog,dog,00:00:00,TFL
5338,8,1,ship,automobile,00:00:00,TFL
5339,0,0,airplane,airplane,00:00:00,TFL
5340,3,4,cat,deer,00:00:00,TFL
5341,6,6,frog,frog,00:00:00,TFL
5342,8,4,ship,deer,00:00:00,TFL
5343,3,3,cat,cat,00:00:00,TFL
5344,2,4,bird,deer,00:00:00,TFL
5345,4,4,deer,deer,00:00:00,TFL
5346,7,7,horse,horse,00:00:00,TFL
5347,1,1,automobile,automobile,00:00:00,TFL
5348,1,1,automobile,automobile,00:00:00,TFL
5349,3,3,cat,cat,00:00:00,TFL
5350,9,9,truck,truck,00:00:00,TFL
5351,7,7,horse,horse,00:00:00,TFL
5352,5,2,dog,bird,00:00:00,TFL
5353,1,1,automobile,automobile,00:00:00,TFL
5354,0,8,airplane,ship,00:00:00,TFL
5355,8,8,ship,ship,00:00:00,TFL
5356,7,7,horse,horse,00:00:00,TFL
5357,0,0,airplane,airplane,00:00:00,TFL
5358,1,1,automobile,automobile,00:00:00,TFL
5359,6,6,frog,frog,00:00:00,TFL
5360,9,9,truck,truck,00:00:00,TFL
5361,3,3,cat,cat,00:00:00,TFL
5362,2,2,bird,bird,00:00:00,TFL
5363,7,7,horse,horse,00:00:00,TFL
5364,7,7,horse,horse,00:00:00,TFL
5365,8,8,ship,ship,00:00:00,TFL
5366,1,1,automobile,automobile,00:00:00,TFL
5367,0,0,airplane,airplane,00:00:00,TFL
5368,3,3,cat,cat,00:00:00,TFL
5369,4,2,deer,bird,00:00:00,TFL
5370,6,6,frog,frog,00:00:00,TFL
5371,7,7,horse,horse,00:00:00,TFL
5372,5,5,dog,dog,00:00:00,TFL
5373,2,2,bird,bird,00:00:00,TFL
5374,0,0,airplane,airplane,00:00:00,TFL
5375,1,1,automobile,automobile,00:00:00,TFL
5376,5,5,dog,dog,00:00:00,TFL
5377,5,5,dog,dog,00:00:00,TFL
5378,1,1,automobile,automobile,00:00:00,TFL
5379,4,4,deer,deer,00:00:00,TFL
5380,1,1,automobile,automobile,00:00:00,TFL
5381,3,3,cat,cat,00:00:00,TFL
5382,0,0,airplane,airplane,00:00:00,TFL
5383,8,8,ship,ship,00:00:00,TFL
5384,6,6,frog,frog,00:00:00,TFL
5385,2,3,bird,cat,00:00:00,TFL
5386,1,1,automobile,automobile,00:00:00,TFL
5387,3,6,cat,frog,00:00:00,TFL
5388,6,5,frog,dog,00:00:00,TFL
5389,4,4,deer,deer,00:00:00,TFL
5390,1,1,automobile,automobile,00:00:00,TFL
5391,9,9,truck,truck,00:00:00,TFL
5392,0,1,airplane,automobile,00:00:00,TFL
5393,4,4,deer,deer,00:00:00,TFL
5394,1,1,automobile,automobile,00:00:00,TFL
5395,0,0,airplane,airplane,00:00:00,TFL
5396,1,1,automobile,automobile,00:00:00,TFL
5397,9,9,truck,truck,00:00:00,TFL
5398,8,0,ship,airplane,00:00:00,TFL
5399,6,6,frog,frog,00:00:00,TFL
5400,9,9,truck,truck,00:00:00,TFL
5401,2,0,bird,airplane,00:00:00,TFL
5402,4,4,deer,deer,00:00:00,TFL
5403,7,7,horse,horse,00:00:00,TFL
5404,2,6,bird,frog,00:00:00,TFL
5405,2,0,bird,airplane,00:00:00,TFL
5406,7,7,horse,horse,00:00:00,TFL
5407,4,4,deer,deer,00:00:00,TFL
5408,9,9,truck,truck,00:00:00,TFL
5409,1,1,automobile,automobile,00:00:00,TFL
5410,3,5,cat,dog,00:00:00,TFL
5411,2,6,bird,frog,00:00:00,TFL
5412,6,6,frog,frog,00:00:00,TFL
5413,3,5,cat,dog,00:00:00,TFL
5414,4,4,deer,deer,00:00:00,TFL
5415,4,4,deer,deer,00:00:00,TFL
5416,9,1,truck,automobile,00:00:00,TFL
5417,4,3,deer,cat,00:00:00,TFL
5418,8,8,ship,ship,00:00:00,TFL
5419,2,2,bird,bird,00:00:00,TFL
5420,6,6,frog,frog,00:00:00,TFL
5421,6,6,frog,frog,00:00:00,TFL
5422,1,1,automobile,automobile,00:00:00,TFL
5423,6,6,frog,frog,00:00:00,TFL
5424,3,5,cat,dog,00:00:00,TFL
5425,6,2,frog,bird,00:00:00,TFL
5426,5,3,dog,cat,00:00:00,TFL
5427,8,8,ship,ship,00:00:00,TFL
5428,4,4,deer,deer,00:00:00,TFL
5429,6,6,frog,frog,00:00:00,TFL
5430,7,7,horse,horse,00:00:00,TFL
5431,1,1,automobile,automobile,00:00:00,TFL
5432,9,9,truck,truck,00:00:00,TFL
5433,3,5,cat,dog,00:00:00,TFL
5434,6,6,frog,frog,00:00:00,TFL
5435,7,4,horse,deer,00:00:00,TFL
5436,6,6,frog,frog,00:00:00,TFL
5437,0,0,airplane,airplane,00:00:00,TFL
5438,7,7,horse,horse,00:00:00,TFL
5439,1,1,automobile,automobile,00:00:00,TFL
5440,9,9,truck,truck,00:00:00,TFL
5441,5,5,dog,dog,00:00:00,TFL
5442,2,2,bird,bird,00:00:00,TFL
5443,6,6,frog,frog,00:00:00,TFL
5444,7,7,horse,horse,00:00:00,TFL
5445,7,7,horse,horse,00:00:00,TFL
5446,6,0,frog,airplane,00:00:00,TFL
5447,5,5,dog,dog,00:00:00,TFL
5448,9,9,truck,truck,00:00:00,TFL
5449,1,1,automobile,automobile,00:00:00,TFL
5450,5,3,dog,cat,00:00:00,TFL
5451,6,6,frog,frog,00:00:00,TFL
5452,0,0,airplane,airplane,00:00:00,TFL
5453,2,2,bird,bird,00:00:00,TFL
5454,0,0,airplane,airplane,00:00:00,TFL
5455,9,9,truck,truck,00:00:00,TFL
5456,1,1,automobile,automobile,00:00:00,TFL
5457,8,8,ship,ship,00:00:00,TFL
5458,3,3,cat,cat,00:00:00,TFL
5459,5,3,dog,cat,00:00:00,TFL
5460,0,3,airplane,cat,00:00:00,TFL
5461,0,0,airplane,airplane,00:00:00,TFL
5462,0,0,airplane,airplane,00:00:00,TFL
5463,5,5,dog,dog,00:00:00,TFL
5464,7,7,horse,horse,00:00:00,TFL
5465,7,7,horse,horse,00:00:00,TFL
5466,8,8,ship,ship,00:00:00,TFL
5467,5,5,dog,dog,00:00:00,TFL
5468,5,3,dog,cat,00:00:00,TFL
5469,5,3,dog,cat,00:00:00,TFL
5470,1,1,automobile,automobile,00:00:00,TFL
5471,6,6,frog,frog,00:00:00,TFL
5472,1,1,automobile,automobile,00:00:00,TFL
5473,5,5,dog,dog,00:00:00,TFL
5474,1,1,automobile,automobile,00:00:00,TFL
5475,0,0,airplane,airplane,00:00:00,TFL
5476,6,6,frog,frog,00:00:00,TFL
5477,2,2,bird,bird,00:00:00,TFL
5478,3,3,cat,cat,00:00:00,TFL
5479,2,2,bird,bird,00:00:00,TFL
5480,1,1,automobile,automobile,00:00:00,TFL
5481,7,2,horse,bird,00:00:00,TFL
5482,5,5,dog,dog,00:00:00,TFL
5483,1,1,automobile,automobile,00:00:00,TFL
5484,9,9,truck,truck,00:00:00,TFL
5485,8,8,ship,ship,00:00:00,TFL
5486,3,3,cat,cat,00:00:00,TFL
5487,6,7,frog,horse,00:00:00,TFL
5488,9,9,truck,truck,00:00:00,TFL
5489,7,7,horse,horse,00:00:00,TFL
5490,3,3,cat,cat,00:00:00,TFL
5491,0,0,airplane,airplane,00:00:00,TFL
5492,2,2,bird,bird,00:00:00,TFL
5493,3,3,cat,cat,00:00:00,TFL
5494,9,9,truck,truck,00:00:00,TFL
5495,4,4,deer,deer,00:00:00,TFL
5496,4,4,deer,deer,00:00:00,TFL
5497,3,3,cat,cat,00:00:00,TFL
5498,9,9,truck,truck,00:00:00,TFL
5499,6,6,frog,frog,00:00:00,TFL
5500,8,8,ship,ship,00:00:00,TFL
5501,6,6,frog,frog,00:00:00,TFL
5502,6,6,frog,frog,00:00:00,TFL
5503,8,8,ship,ship,00:00:00,TFL
5504,5,5,dog,dog,00:00:00,TFL
5505,4,4,deer,deer,00:00:00,TFL
5506,3,5,cat,dog,00:00:00,TFL
5507,6,6,frog,frog,00:00:00,TFL
5508,7,7,horse,horse,00:00:00,TFL
5509,7,7,horse,horse,00:00:00,TFL
5510,4,4,deer,deer,00:00:00,TFL
5511,3,6,cat,frog,00:00:00,TFL
5512,9,9,truck,truck,00:00:00,TFL
5513,6,6,frog,frog,00:00:00,TFL
5514,2,2,bird,bird,00:00:00,TFL
5515,4,4,deer,deer,00:00:00,TFL
5516,0,0,airplane,airplane,00:00:00,TFL
5517,1,1,automobile,automobile,00:00:00,TFL
5518,3,3,cat,cat,00:00:00,TFL
5519,6,6,frog,frog,00:00:00,TFL
5520,4,4,deer,deer,00:00:00,TFL
5521,9,9,truck,truck,00:00:00,TFL
5522,2,2,bird,bird,00:00:00,TFL
5523,6,6,frog,frog,00:00:00,TFL
5524,0,0,airplane,airplane,00:00:00,TFL
5525,3,7,cat,horse,00:00:00,TFL
5526,8,8,ship,ship,00:00:00,TFL
5527,7,7,horse,horse,00:00:00,TFL
5528,5,5,dog,dog,00:00:00,TFL
5529,3,3,cat,cat,00:00:00,TFL
5530,3,5,cat,dog,00:00:00,TFL
5531,8,8,ship,ship,00:00:00,TFL
5532,3,5,cat,dog,00:00:00,TFL
5533,2,2,bird,bird,00:00:00,TFL
5534,6,6,frog,frog,00:00:00,TFL
5535,3,3,cat,cat,00:00:00,TFL
5536,6,6,frog,frog,00:00:00,TFL
5537,2,5,bird,dog,00:00:00,TFL
5538,7,7,horse,horse,00:00:00,TFL
5539,4,4,deer,deer,00:00:00,TFL
5540,5,5,dog,dog,00:00:00,TFL
5541,7,7,horse,horse,00:00:00,TFL
5542,9,9,truck,truck,00:00:00,TFL
5543,0,0,airplane,airplane,00:00:00,TFL
5544,0,0,airplane,airplane,00:00:00,TFL
5545,6,6,frog,frog,00:00:00,TFL
5546,7,7,horse,horse,00:00:00,TFL
5547,2,9,bird,truck,00:00:00,TFL
5548,8,0,ship,airplane,00:00:00,TFL
5549,5,5,dog,dog,00:00:00,TFL
5550,5,5,dog,dog,00:00:00,TFL
5551,7,7,horse,horse,00:00:00,TFL
5552,5,3,dog,cat,00:00:00,TFL
5553,5,5,dog,dog,00:00:00,TFL
5554,9,8,truck,ship,00:00:00,TFL
5555,4,4,deer,deer,00:00:00,TFL
5556,6,6,frog,frog,00:00:00,TFL
5557,4,4,deer,deer,00:00:00,TFL
5558,7,7,horse,horse,00:00:00,TFL
5559,3,2,cat,bird,00:00:00,TFL
5560,3,5,cat,dog,00:00:00,TFL
5561,6,6,frog,frog,00:00:00,TFL
5562,4,4,deer,deer,00:00:00,TFL
5563,1,1,automobile,automobile,00:00:00,TFL
5564,6,6,frog,frog,00:00:00,TFL
5565,3,3,cat,cat,00:00:00,TFL
5566,1,1,automobile,automobile,00:00:00,TFL
5567,6,6,frog,frog,00:00:00,TFL
5568,7,7,horse,horse,00:00:00,TFL
5569,0,0,airplane,airplane,00:00:00,TFL
5570,5,5,dog,dog,00:00:00,TFL
5571,0,7,airplane,horse,00:00:00,TFL
5572,1,1,automobile,automobile,00:00:00,TFL
5573,9,9,truck,truck,00:00:00,TFL
5574,7,7,horse,horse,00:00:00,TFL
5575,3,3,cat,cat,00:00:00,TFL
5576,5,5,dog,dog,00:00:00,TFL
5577,2,2,bird,bird,00:00:00,TFL
5578,3,3,cat,cat,00:00:00,TFL
5579,9,9,truck,truck,00:00:00,TFL
5580,5,5,dog,dog,00:00:00,TFL
5581,6,3,frog,cat,00:00:00,TFL
5582,4,5,deer,dog,00:00:00,TFL
5583,0,0,airplane,airplane,00:00:00,TFL
5584,0,0,airplane,airplane,00:00:00,TFL
5585,0,0,airplane,airplane,00:00:00,TFL
5586,8,0,ship,airplane,00:00:00,TFL
5587,0,0,airplane,airplane,00:00:00,TFL
5588,3,3,cat,cat,00:00:00,TFL
5589,2,2,bird,bird,00:00:00,TFL
5590,4,4,deer,deer,00:00:00,TFL
5591,5,5,dog,dog,00:00:00,TFL
5592,3,3,cat,cat,00:00:00,TFL
5593,7,7,horse,horse,00:00:00,TFL
5594,9,9,truck,truck,00:00:00,TFL
5595,6,6,frog,frog,00:00:00,TFL
5596,9,9,truck,truck,00:00:00,TFL
5597,3,3,cat,cat,00:00:00,TFL
5598,1,1,automobile,automobile,00:00:00,TFL
5599,2,2,bird,bird,00:00:00,TFL
5600,6,4,frog,deer,00:00:00,TFL
5601,7,7,horse,horse,00:00:00,TFL
5602,4,4,deer,deer,00:00:00,TFL
5603,5,5,dog,dog,00:00:00,TFL
5604,1,1,automobile,automobile,00:00:00,TFL
5605,3,3,cat,cat,00:00:00,TFL
5606,7,7,horse,horse,00:00:00,TFL
5607,6,0,frog,airplane,00:00:00,TFL
5608,9,9,truck,truck,00:00:00,TFL
5609,5,5,dog,dog,00:00:00,TFL
5610,8,8,ship,ship,00:00:00,TFL
5611,5,5,dog,dog,00:00:00,TFL
5612,8,8,ship,ship,00:00:00,TFL
5613,5,5,dog,dog,00:00:00,TFL
5614,8,8,ship,ship,00:00:00,TFL
5615,5,5,dog,dog,00:00:00,TFL
5616,6,6,frog,frog,00:00:00,TFL
5617,5,5,dog,dog,00:00:00,TFL
5618,0,0,airplane,airplane,00:00:00,TFL
5619,8,8,ship,ship,00:00:00,TFL
5620,3,5,cat,dog,00:00:00,TFL
5621,8,8,ship,ship,00:00:00,TFL
5622,1,1,automobile,automobile,00:00:00,TFL
5623,8,8,ship,ship,00:00:00,TFL
5624,1,1,automobile,automobile,00:00:00,TFL
5625,5,5,dog,dog,00:00:00,TFL
5626,0,0,airplane,airplane,00:00:00,TFL
5627,9,9,truck,truck,00:00:00,TFL
5628,8,1,ship,automobile,00:00:00,TFL
5629,6,6,frog,frog,00:00:00,TFL
5630,3,3,cat,cat,00:00:00,TFL
5631,6,5,frog,dog,00:00:00,TFL
5632,3,9,cat,truck,00:00:00,TFL
5633,4,4,deer,deer,00:00:00,TFL
5634,4,5,deer,dog,00:00:00,TFL
5635,7,7,horse,horse,00:00:00,TFL
5636,4,4,deer,deer,00:00:00,TFL
5637,7,7,horse,horse,00:00:00,TFL
5638,4,4,deer,deer,00:00:00,TFL
5639,3,3,cat,cat,00:00:00,TFL
5640,2,5,bird,dog,00:00:00,TFL
5641,4,4,deer,deer,00:00:00,TFL
5642,5,4,dog,deer,00:00:00,TFL
5643,5,5,dog,dog,00:00:00,TFL
5644,7,7,horse,horse,00:00:00,TFL
5645,5,3,dog,cat,00:00:00,TFL
5646,4,4,deer,deer,00:00:00,TFL
5647,5,5,dog,dog,00:00:00,TFL
5648,8,8,ship,ship,00:00:00,TFL
5649,0,6,airplane,frog,00:00:00,TFL
5650,5,5,dog,dog,00:00:00,TFL
5651,4,4,deer,deer,00:00:00,TFL
5652,0,0,airplane,airplane,00:00:00,TFL
5653,5,5,dog,dog,00:00:00,TFL
5654,4,5,deer,dog,00:00:00,TFL
5655,3,3,cat,cat,00:00:00,TFL
5656,3,3,cat,cat,00:00:00,TFL
5657,2,2,bird,bird,00:00:00,TFL
5658,4,4,deer,deer,00:00:00,TFL
5659,2,3,bird,cat,00:00:00,TFL
5660,9,9,truck,truck,00:00:00,TFL
5661,4,4,deer,deer,00:00:00,TFL
5662,8,8,ship,ship,00:00:00,TFL
5663,8,8,ship,ship,00:00:00,TFL
5664,6,6,frog,frog,00:00:00,TFL
5665,2,2,bird,bird,00:00:00,TFL
5666,6,6,frog,frog,00:00:00,TFL
5667,1,1,automobile,automobile,00:00:00,TFL
5668,7,7,horse,horse,00:00:00,TFL
5669,0,8,airplane,ship,00:00:00,TFL
5670,4,4,deer,deer,00:00:00,TFL
5671,3,3,cat,cat,00:00:00,TFL
5672,8,8,ship,ship,00:00:00,TFL
5673,5,5,dog,dog,00:00:00,TFL
5674,9,9,truck,truck,00:00:00,TFL
5675,7,7,horse,horse,00:00:00,TFL
5676,6,6,frog,frog,00:00:00,TFL
5677,7,4,horse,deer,00:00:00,TFL
5678,1,1,automobile,automobile,00:00:00,TFL
5679,0,0,airplane,airplane,00:00:00,TFL
5680,2,3,bird,cat,00:00:00,TFL
5681,3,3,cat,cat,00:00:00,TFL
5682,5,3,dog,cat,00:00:00,TFL
5683,6,6,frog,frog,00:00:00,TFL
5684,7,7,horse,horse,00:00:00,TFL
5685,1,1,automobile,automobile,00:00:00,TFL
5686,6,6,frog,frog,00:00:00,TFL
5687,2,2,bird,bird,00:00:00,TFL
5688,8,8,ship,ship,00:00:00,TFL
5689,3,3,cat,cat,00:00:00,TFL
5690,7,7,horse,horse,00:00:00,TFL
5691,2,2,bird,bird,00:00:00,TFL
5692,5,5,dog,dog,00:00:00,TFL
5693,7,7,horse,horse,00:00:00,TFL
5694,5,5,dog,dog,00:00:00,TFL
5695,7,7,horse,horse,00:00:00,TFL
5696,7,7,horse,horse,00:00:00,TFL
5697,1,1,automobile,automobile,00:00:00,TFL
5698,7,7,horse,horse,00:00:00,TFL
5699,4,4,deer,deer,00:00:00,TFL
5700,3,3,cat,cat,00:00:00,TFL
5701,3,3,cat,cat,00:00:00,TFL
5702,4,4,deer,deer,00:00:00,TFL
5703,0,0,airplane,airplane,00:00:00,TFL
5704,4,4,deer,deer,00:00:00,TFL
5705,2,2,bird,bird,00:00:00,TFL
5706,7,7,horse,horse,00:00:00,TFL
5707,0,0,airplane,airplane,00:00:00,TFL
5708,2,5,bird,dog,00:00:00,TFL
5709,2,3,bird,cat,00:00:00,TFL
5710,6,6,frog,frog,00:00:00,TFL
5711,6,6,frog,frog,00:00:00,TFL
5712,2,2,bird,bird,00:00:00,TFL
5713,5,5,dog,dog,00:00:00,TFL
5714,2,4,bird,deer,00:00:00,TFL
5715,6,6,frog,frog,00:00:00,TFL
5716,0,0,airplane,airplane,00:00:00,TFL
5717,6,3,frog,cat,00:00:00,TFL
5718,1,1,automobile,automobile,00:00:00,TFL
5719,2,2,bird,bird,00:00:00,TFL
5720,9,9,truck,truck,00:00:00,TFL
5721,0,0,airplane,airplane,00:00:00,TFL
5722,0,2,airplane,bird,00:00:00,TFL
5723,1,1,automobile,automobile,00:00:00,TFL
5724,5,3,dog,cat,00:00:00,TFL
5725,5,5,dog,dog,00:00:00,TFL
5726,1,1,automobile,automobile,00:00:00,TFL
5727,6,4,frog,deer,00:00:00,TFL
5728,7,7,horse,horse,00:00:00,TFL
5729,8,8,ship,ship,00:00:00,TFL
5730,5,9,dog,truck,00:00:00,TFL
5731,6,6,frog,frog,00:00:00,TFL
5732,3,3,cat,cat,00:00:00,TFL
5733,3,3,cat,cat,00:00:00,TFL
5734,6,6,frog,frog,00:00:00,TFL
5735,0,0,airplane,airplane,00:00:00,TFL
5736,9,9,truck,truck,00:00:00,TFL
5737,9,9,truck,truck,00:00:00,TFL
5738,2,2,bird,bird,00:00:00,TFL
5739,2,2,bird,bird,00:00:00,TFL
5740,6,6,frog,frog,00:00:00,TFL
5741,1,1,automobile,automobile,00:00:00,TFL
5742,4,4,deer,deer,00:00:00,TFL
5743,6,6,frog,frog,00:00:00,TFL
5744,2,2,bird,bird,00:00:00,TFL
5745,5,7,dog,horse,00:00:00,TFL
5746,7,7,horse,horse,00:00:00,TFL
5747,8,0,ship,airplane,00:00:00,TFL
5748,8,9,ship,truck,00:00:00,TFL
5749,5,5,dog,dog,00:00:00,TFL
5750,6,6,frog,frog,00:00:00,TFL
5751,4,4,deer,deer,00:00:00,TFL
5752,3,5,cat,dog,00:00:00,TFL
5753,2,2,bird,bird,00:00:00,TFL
5754,3,3,cat,cat,00:00:00,TFL
5755,4,2,deer,bird,00:00:00,TFL
5756,4,4,deer,deer,00:00:00,TFL
5757,4,4,deer,deer,00:00:00,TFL
5758,8,8,ship,ship,00:00:00,TFL
5759,9,9,truck,truck,00:00:00,TFL
5760,2,2,bird,bird,00:00:00,TFL
5761,6,6,frog,frog,00:00:00,TFL
5762,0,0,airplane,airplane,00:00:00,TFL
5763,9,9,truck,truck,00:00:00,TFL
5764,7,7,horse,horse,00:00:00,TFL
5765,9,9,truck,truck,00:00:00,TFL
5766,8,8,ship,ship,00:00:00,TFL
5767,7,7,horse,horse,00:00:00,TFL
5768,7,7,horse,horse,00:00:00,TFL
5769,3,3,cat,cat,00:00:00,TFL
5770,8,8,ship,ship,00:00:00,TFL
5771,2,2,bird,bird,00:00:00,TFL
5772,9,9,truck,truck,00:00:00,TFL
5773,3,3,cat,cat,00:00:00,TFL
5774,5,5,dog,dog,00:00:00,TFL
5775,7,7,horse,horse,00:00:00,TFL
5776,5,5,dog,dog,00:00:00,TFL
5777,8,8,ship,ship,00:00:00,TFL
5778,7,7,horse,horse,00:00:00,TFL
5779,3,3,cat,cat,00:00:00,TFL
5780,7,7,horse,horse,00:00:00,TFL
5781,0,0,airplane,airplane,00:00:00,TFL
5782,7,7,horse,horse,00:00:00,TFL
5783,1,1,automobile,automobile,00:00:00,TFL
5784,6,6,frog,frog,00:00:00,TFL
5785,2,2,bird,bird,00:00:00,TFL
5786,4,4,deer,deer,00:00:00,TFL
5787,0,1,airplane,automobile,00:00:00,TFL
5788,0,0,airplane,airplane,00:00:00,TFL
5789,2,2,bird,bird,00:00:00,TFL
5790,9,9,truck,truck,00:00:00,TFL
5791,8,8,ship,ship,00:00:00,TFL
5792,2,2,bird,bird,00:00:00,TFL
5793,8,8,ship,ship,00:00:00,TFL
5794,7,7,horse,horse,00:00:00,TFL
5795,7,4,horse,deer,00:00:00,TFL
5796,5,5,dog,dog,00:00:00,TFL
5797,5,3,dog,cat,00:00:00,TFL
5798,0,0,airplane,airplane,00:00:00,TFL
5799,1,1,automobile,automobile,00:00:00,TFL
5800,2,2,bird,bird,00:00:00,TFL
5801,9,9,truck,truck,00:00:00,TFL
5802,6,6,frog,frog,00:00:00,TFL
5803,1,1,automobile,automobile,00:00:00,TFL
5804,0,0,airplane,airplane,00:00:00,TFL
5805,1,1,automobile,automobile,00:00:00,TFL
5806,0,8,airplane,ship,00:00:00,TFL
5807,6,6,frog,frog,00:00:00,TFL
5808,5,5,dog,dog,00:00:00,TFL
5809,0,0,airplane,airplane,00:00:00,TFL
5810,5,5,dog,dog,00:00:00,TFL
5811,7,7,horse,horse,00:00:00,TFL
5812,4,4,deer,deer,00:00:00,TFL
5813,4,4,deer,deer,00:00:00,TFL
5814,8,8,ship,ship,00:00:00,TFL
5815,3,3,cat,cat,00:00:00,TFL
5816,5,5,dog,dog,00:00:00,TFL
5817,3,3,cat,cat,00:00:00,TFL
5818,7,7,horse,horse,00:00:00,TFL
5819,2,5,bird,dog,00:00:00,TFL
5820,5,5,dog,dog,00:00:00,TFL
5821,8,3,ship,cat,00:00:00,TFL
5822,3,3,cat,cat,00:00:00,TFL
5823,5,5,dog,dog,00:00:00,TFL
5824,7,7,horse,horse,00:00:00,TFL
5825,3,3,cat,cat,00:00:00,TFL
5826,7,5,horse,dog,00:00:00,TFL
5827,0,0,airplane,airplane,00:00:00,TFL
5828,5,5,dog,dog,00:00:00,TFL
5829,4,4,deer,deer,00:00:00,TFL
5830,5,3,dog,cat,00:00:00,TFL
5831,6,8,frog,ship,00:00:00,TFL
5832,9,9,truck,truck,00:00:00,TFL
5833,3,0,cat,airplane,00:00:00,TFL
5834,5,5,dog,dog,00:00:00,TFL
5835,3,3,cat,cat,00:00:00,TFL
5836,8,8,ship,ship,00:00:00,TFL
5837,2,2,bird,bird,00:00:00,TFL
5838,4,7,deer,horse,00:00:00,TFL
5839,2,6,bird,frog,00:00:00,TFL
5840,2,3,bird,cat,00:00:00,TFL
5841,6,4,frog,deer,00:00:00,TFL
5842,7,7,horse,horse,00:00:00,TFL
5843,6,6,frog,frog,00:00:00,TFL
5844,0,0,airplane,airplane,00:00:00,TFL
5845,5,5,dog,dog,00:00:00,TFL
5846,5,5,dog,dog,00:00:00,TFL
5847,8,8,ship,ship,00:00:00,TFL
5848,4,4,deer,deer,00:00:00,TFL
5849,5,5,dog,dog,00:00:00,TFL
5850,6,6,frog,frog,00:00:00,TFL
5851,1,1,automobile,automobile,00:00:00,TFL
5852,3,3,cat,cat,00:00:00,TFL
5853,5,5,dog,dog,00:00:00,TFL
5854,4,4,deer,deer,00:00:00,TFL
5855,7,5,horse,dog,00:00:00,TFL
5856,3,5,cat,dog,00:00:00,TFL
5857,0,0,airplane,airplane,00:00:00,TFL
5858,7,7,horse,horse,00:00:00,TFL
5859,2,2,bird,bird,00:00:00,TFL
5860,0,0,airplane,airplane,00:00:00,TFL
5861,1,1,automobile,automobile,00:00:00,TFL
5862,2,5,bird,dog,00:00:00,TFL
5863,4,4,deer,deer,00:00:00,TFL
5864,9,1,truck,automobile,00:00:00,TFL
5865,6,6,frog,frog,00:00:00,TFL
5866,4,4,deer,deer,00:00:00,TFL
5867,5,5,dog,dog,00:00:00,TFL
5868,9,9,truck,truck,00:00:00,TFL
5869,7,7,horse,horse,00:00:00,TFL
5870,7,4,horse,deer,00:00:00,TFL
5871,6,3,frog,cat,00:00:00,TFL
5872,7,7,horse,horse,00:00:00,TFL
5873,4,4,deer,deer,00:00:00,TFL
5874,3,3,cat,cat,00:00:00,TFL
5875,1,1,automobile,automobile,00:00:00,TFL
5876,6,6,frog,frog,00:00:00,TFL
5877,9,9,truck,truck,00:00:00,TFL
5878,4,4,deer,deer,00:00:00,TFL
5879,8,8,ship,ship,00:00:00,TFL
5880,0,0,airplane,airplane,00:00:00,TFL
5881,3,5,cat,dog,00:00:00,TFL
5882,1,9,automobile,truck,00:00:00,TFL
5883,6,6,frog,frog,00:00:00,TFL
5884,4,4,deer,deer,00:00:00,TFL
5885,4,4,deer,deer,00:00:00,TFL
5886,2,5,bird,dog,00:00:00,TFL
5887,1,1,automobile,automobile,00:00:00,TFL
5888,4,3,deer,cat,00:00:00,TFL
5889,6,6,frog,frog,00:00:00,TFL
5890,3,5,cat,dog,00:00:00,TFL
5891,0,0,airplane,airplane,00:00:00,TFL
5892,8,8,ship,ship,00:00:00,TFL
5893,9,9,truck,truck,00:00:00,TFL
5894,7,7,horse,horse,00:00:00,TFL
5895,6,6,frog,frog,00:00:00,TFL
5896,8,9,ship,truck,00:00:00,TFL
5897,4,4,deer,deer,00:00:00,TFL
5898,8,8,ship,ship,00:00:00,TFL
5899,1,1,automobile,automobile,00:00:00,TFL
5900,4,2,deer,bird,00:00:00,TFL
5901,5,5,dog,dog,00:00:00,TFL
5902,9,9,truck,truck,00:00:00,TFL
5903,4,0,deer,airplane,00:00:00,TFL
5904,7,7,horse,horse,00:00:00,TFL
5905,1,1,automobile,automobile,00:00:00,TFL
5906,4,4,deer,deer,00:00:00,TFL
5907,5,5,dog,dog,00:00:00,TFL
5908,3,7,cat,horse,00:00:00,TFL
5909,1,1,automobile,automobile,00:00:00,TFL
5910,2,3,bird,cat,00:00:00,TFL
5911,6,6,frog,frog,00:00:00,TFL
5912,4,4,deer,deer,00:00:00,TFL
5913,7,7,horse,horse,00:00:00,TFL
5914,1,1,automobile,automobile,00:00:00,TFL
5915,5,4,dog,deer,00:00:00,TFL
5916,9,9,truck,truck,00:00:00,TFL
5917,3,4,cat,deer,00:00:00,TFL
5918,1,1,automobile,automobile,00:00:00,TFL
5919,4,2,deer,bird,00:00:00,TFL
5920,8,8,ship,ship,00:00:00,TFL
5921,7,7,horse,horse,00:00:00,TFL
5922,7,7,horse,horse,00:00:00,TFL
5923,0,1,airplane,automobile,00:00:00,TFL
5924,4,4,deer,deer,00:00:00,TFL
5925,3,5,cat,dog,00:00:00,TFL
5926,4,0,deer,airplane,00:00:00,TFL
5927,6,6,frog,frog,00:00:00,TFL
5928,7,7,horse,horse,00:00:00,TFL
5929,7,7,horse,horse,00:00:00,TFL
5930,5,2,dog,bird,00:00:00,TFL
5931,4,4,deer,deer,00:00:00,TFL
5932,4,6,deer,frog,00:00:00,TFL
5933,4,4,deer,deer,00:00:00,TFL
5934,3,3,cat,cat,00:00:00,TFL
5935,6,6,frog,frog,00:00:00,TFL
5936,6,6,frog,frog,00:00:00,TFL
5937,1,1,automobile,automobile,00:00:00,TFL
5938,9,9,truck,truck,00:00:00,TFL
5939,9,9,truck,truck,00:00:00,TFL
5940,7,3,horse,cat,00:00:00,TFL
5941,9,9,truck,truck,00:00:00,TFL
5942,4,4,deer,deer,00:00:00,TFL
5943,3,5,cat,dog,00:00:00,TFL
5944,2,2,bird,bird,00:00:00,TFL
5945,9,9,truck,truck,00:00:00,TFL
5946,8,8,ship,ship,00:00:00,TFL
5947,5,5,dog,dog,00:00:00,TFL
5948,0,0,airplane,airplane,00:00:00,TFL
5949,6,6,frog,frog,00:00:00,TFL
5950,9,9,truck,truck,00:00:00,TFL
5951,0,0,airplane,airplane,00:00:00,TFL
5952,9,9,truck,truck,00:00:00,TFL
5953,7,7,horse,horse,00:00:00,TFL
5954,8,8,ship,ship,00:00:00,TFL
5955,5,2,dog,bird,00:00:00,TFL
5956,4,4,deer,deer,00:00:00,TFL
5957,4,4,deer,deer,00:00:00,TFL
5958,9,9,truck,truck,00:00:00,TFL
5959,4,0,deer,airplane,00:00:00,TFL
5960,2,4,bird,deer,00:00:00,TFL
5961,6,6,frog,frog,00:00:00,TFL
5962,6,6,frog,frog,00:00:00,TFL
5963,9,9,truck,truck,00:00:00,TFL
5964,9,9,truck,truck,00:00:00,TFL
5965,7,7,horse,horse,00:00:00,TFL
5966,9,9,truck,truck,00:00:00,TFL
5967,9,9,truck,truck,00:00:00,TFL
5968,0,0,airplane,airplane,00:00:00,TFL
5969,5,5,dog,dog,00:00:00,TFL
5970,1,1,automobile,automobile,00:00:00,TFL
5971,1,1,automobile,automobile,00:00:00,TFL
5972,8,0,ship,airplane,00:00:00,TFL
5973,6,6,frog,frog,00:00:00,TFL
5974,9,9,truck,truck,00:00:00,TFL
5975,9,9,truck,truck,00:00:00,TFL
5976,5,5,dog,dog,00:00:00,TFL
5977,6,6,frog,frog,00:00:00,TFL
5978,5,5,dog,dog,00:00:00,TFL
5979,5,5,dog,dog,00:00:00,TFL
5980,9,9,truck,truck,00:00:00,TFL
5981,7,7,horse,horse,00:00:00,TFL
5982,9,9,truck,truck,00:00:00,TFL
5983,4,4,deer,deer,00:00:00,TFL
5984,5,5,dog,dog,00:00:00,TFL
5985,4,4,deer,deer,00:00:00,TFL
5986,3,5,cat,dog,00:00:00,TFL
5987,3,3,cat,cat,00:00:00,TFL
5988,9,9,truck,truck,00:00:00,TFL
5989,8,8,ship,ship,00:00:00,TFL
5990,8,8,ship,ship,00:00:00,TFL
5991,3,3,cat,cat,00:00:00,TFL
5992,4,7,deer,horse,00:00:00,TFL
5993,8,8,ship,ship,00:00:00,TFL
5994,4,7,deer,horse,00:00:00,TFL
5995,0,0,airplane,airplane,00:00:00,TFL
5996,4,4,deer,deer,00:00:00,TFL
5997,0,0,airplane,airplane,00:00:00,TFL
5998,7,7,horse,horse,00:00:00,TFL
5999,2,2,bird,bird,00:00:00,TFL
6000,8,8,ship,ship,00:00:00,TFL
6001,0,1,airplane,automobile,00:00:00,TFL
6002,2,2,bird,bird,00:00:00,TFL
6003,0,0,airplane,airplane,00:00:00,TFL
6004,7,7,horse,horse,00:00:00,TFL
6005,4,4,deer,deer,00:00:00,TFL
6006,0,0,airplane,airplane,00:00:00,TFL
6007,6,6,frog,frog,00:00:00,TFL
6008,3,3,cat,cat,00:00:00,TFL
6009,3,3,cat,cat,00:00:00,TFL
6010,1,2,automobile,bird,00:00:00,TFL
6011,7,4,horse,deer,00:00:00,TFL
6012,4,2,deer,bird,00:00:00,TFL
6013,6,6,frog,frog,00:00:00,TFL
6014,5,4,dog,deer,00:00:00,TFL
6015,0,8,airplane,ship,00:00:00,TFL
6016,4,4,deer,deer,00:00:00,TFL
6017,9,9,truck,truck,00:00:00,TFL
6018,5,5,dog,dog,00:00:00,TFL
6019,6,6,frog,frog,00:00:00,TFL
6020,6,6,frog,frog,00:00:00,TFL
6021,3,3,cat,cat,00:00:00,TFL
6022,0,0,airplane,airplane,00:00:00,TFL
6023,5,3,dog,cat,00:00:00,TFL
6024,2,3,bird,cat,00:00:00,TFL
6025,6,6,frog,frog,00:00:00,TFL
6026,3,3,cat,cat,00:00:00,TFL
6027,3,3,cat,cat,00:00:00,TFL
6028,8,0,ship,airplane,00:00:00,TFL
6029,0,0,airplane,airplane,00:00:00,TFL
6030,8,8,ship,ship,00:00:00,TFL
6031,5,5,dog,dog,00:00:00,TFL
6032,4,4,deer,deer,00:00:00,TFL
6033,2,4,bird,deer,00:00:00,TFL
6034,9,9,truck,truck,00:00:00,TFL
6035,5,2,dog,bird,00:00:00,TFL
6036,0,0,airplane,airplane,00:00:00,TFL
6037,5,5,dog,dog,00:00:00,TFL
6038,4,4,deer,deer,00:00:00,TFL
6039,8,8,ship,ship,00:00:00,TFL
6040,2,7,bird,horse,00:00:00,TFL
6041,7,7,horse,horse,00:00:00,TFL
6042,6,6,frog,frog,00:00:00,TFL
6043,5,5,dog,dog,00:00:00,TFL
6044,7,4,horse,deer,00:00:00,TFL
6045,8,8,ship,ship,00:00:00,TFL
6046,2,2,bird,bird,00:00:00,TFL
6047,0,0,airplane,airplane,00:00:00,TFL
6048,1,1,automobile,automobile,00:00:00,TFL
6049,8,8,ship,ship,00:00:00,TFL
6050,2,2,bird,bird,00:00:00,TFL
6051,4,4,deer,deer,00:00:00,TFL
6052,8,8,ship,ship,00:00:00,TFL
6053,4,4,deer,deer,00:00:00,TFL
6054,3,3,cat,cat,00:00:00,TFL
6055,0,0,airplane,airplane,00:00:00,TFL
6056,4,4,deer,deer,00:00:00,TFL
6057,0,0,airplane,airplane,00:00:00,TFL
6058,1,1,automobile,automobile,00:00:00,TFL
6059,9,9,truck,truck,00:00:00,TFL
6060,3,3,cat,cat,00:00:00,TFL
6061,0,0,airplane,airplane,00:00:00,TFL
6062,3,3,cat,cat,00:00:00,TFL
6063,6,6,frog,frog,00:00:00,TFL
6064,5,5,dog,dog,00:00:00,TFL
6065,5,5,dog,dog,00:00:00,TFL
6066,2,2,bird,bird,00:00:00,TFL
6067,8,8,ship,ship,00:00:00,TFL
6068,5,3,dog,cat,00:00:00,TFL
6069,0,0,airplane,airplane,00:00:00,TFL
6070,8,9,ship,truck,00:00:00,TFL
6071,7,4,horse,deer,00:00:00,TFL
6072,5,5,dog,dog,00:00:00,TFL
6073,2,2,bird,bird,00:00:00,TFL
6074,4,4,deer,deer,00:00:00,TFL
6075,3,6,cat,frog,00:00:00,TFL
6076,7,7,horse,horse,00:00:00,TFL
6077,0,0,airplane,airplane,00:00:00,TFL
6078,2,2,bird,bird,00:00:00,TFL
6079,3,3,cat,cat,00:00:00,TFL
6080,1,1,automobile,automobile,00:00:00,TFL
6081,0,0,airplane,airplane,00:00:00,TFL
6082,0,0,airplane,airplane,00:00:00,TFL
6083,2,5,bird,dog,00:00:00,TFL
6084,1,1,automobile,automobile,00:00:00,TFL
6085,2,2,bird,bird,00:00:00,TFL
6086,1,1,automobile,automobile,00:00:00,TFL
6087,4,4,deer,deer,00:00:00,TFL
6088,6,6,frog,frog,00:00:00,TFL
6089,7,7,horse,horse,00:00:00,TFL
6090,1,1,automobile,automobile,00:00:00,TFL
6091,0,0,airplane,airplane,00:00:00,TFL
6092,5,5,dog,dog,00:00:00,TFL
6093,2,6,bird,frog,00:00:00,TFL
6094,5,5,dog,dog,00:00:00,TFL
6095,9,9,truck,truck,00:00:00,TFL
6096,2,2,bird,bird,00:00:00,TFL
6097,5,5,dog,dog,00:00:00,TFL
6098,6,6,frog,frog,00:00:00,TFL
6099,7,7,horse,horse,00:00:00,TFL
6100,1,1,automobile,automobile,00:00:00,TFL
6101,9,9,truck,truck,00:00:00,TFL
6102,3,9,cat,truck,00:00:00,TFL
6103,6,6,frog,frog,00:00:00,TFL
6104,1,1,automobile,automobile,00:00:00,TFL
6105,0,0,airplane,airplane,00:00:00,TFL
6106,2,2,bird,bird,00:00:00,TFL
6107,9,9,truck,truck,00:00:00,TFL
6108,4,4,deer,deer,00:00:00,TFL
6109,2,2,bird,bird,00:00:00,TFL
6110,9,9,truck,truck,00:00:00,TFL
6111,3,3,cat,cat,00:00:00,TFL
6112,8,8,ship,ship,00:00:00,TFL
6113,2,2,bird,bird,00:00:00,TFL
6114,9,9,truck,truck,00:00:00,TFL
6115,8,8,ship,ship,00:00:00,TFL
6116,5,6,dog,frog,00:00:00,TFL
6117,1,1,automobile,automobile,00:00:00,TFL
6118,0,0,airplane,airplane,00:00:00,TFL
6119,1,1,automobile,automobile,00:00:00,TFL
6120,5,5,dog,dog,00:00:00,TFL
6121,2,2,bird,bird,00:00:00,TFL
6122,5,3,dog,cat,00:00:00,TFL
6123,6,6,frog,frog,00:00:00,TFL
6124,8,8,ship,ship,00:00:00,TFL
6125,8,8,ship,ship,00:00:00,TFL
6126,3,5,cat,dog,00:00:00,TFL
6127,5,2,dog,bird,00:00:00,TFL
6128,0,0,airplane,airplane,00:00:00,TFL
6129,4,4,deer,deer,00:00:00,TFL
6130,1,1,automobile,automobile,00:00:00,TFL
6131,3,3,cat,cat,00:00:00,TFL
6132,7,7,horse,horse,00:00:00,TFL
6133,0,0,airplane,airplane,00:00:00,TFL
6134,3,8,cat,ship,00:00:00,TFL
6135,3,3,cat,cat,00:00:00,TFL
6136,9,9,truck,truck,00:00:00,TFL
6137,2,2,bird,bird,00:00:00,TFL
6138,3,0,cat,airplane,00:00:00,TFL
6139,9,9,truck,truck,00:00:00,TFL
6140,9,9,truck,truck,00:00:00,TFL
6141,8,8,ship,ship,00:00:00,TFL
6142,5,3,dog,cat,00:00:00,TFL
6143,9,9,truck,truck,00:00:00,TFL
6144,7,7,horse,horse,00:00:00,TFL
6145,2,3,bird,cat,00:00:00,TFL
6146,0,9,airplane,truck,00:00:00,TFL
6147,9,9,truck,truck,00:00:00,TFL
6148,4,4,deer,deer,00:00:00,TFL
6149,7,7,horse,horse,00:00:00,TFL
6150,1,1,automobile,automobile,00:00:00,TFL
6151,7,3,horse,cat,00:00:00,TFL
6152,6,6,frog,frog,00:00:00,TFL
6153,4,4,deer,deer,00:00:00,TFL
6154,4,4,deer,deer,00:00:00,TFL
6155,8,8,ship,ship,00:00:00,TFL
6156,9,9,truck,truck,00:00:00,TFL
6157,0,7,airplane,horse,00:00:00,TFL
6158,7,7,horse,horse,00:00:00,TFL
6159,1,1,automobile,automobile,00:00:00,TFL
6160,2,2,bird,bird,00:00:00,TFL
6161,4,4,deer,deer,00:00:00,TFL
6162,0,7,airplane,horse,00:00:00,TFL
6163,3,3,cat,cat,00:00:00,TFL
6164,7,7,horse,horse,00:00:00,TFL
6165,5,6,dog,frog,00:00:00,TFL
6166,1,1,automobile,automobile,00:00:00,TFL
6167,9,9,truck,truck,00:00:00,TFL
6168,3,3,cat,cat,00:00:00,TFL
6169,5,3,dog,cat,00:00:00,TFL
6170,2,2,bird,bird,00:00:00,TFL
6171,4,4,deer,deer,00:00:00,TFL
6172,1,1,automobile,automobile,00:00:00,TFL
6173,1,1,automobile,automobile,00:00:00,TFL
6174,3,5,cat,dog,00:00:00,TFL
6175,3,3,cat,cat,00:00:00,TFL
6176,9,9,truck,truck,00:00:00,TFL
6177,2,7,bird,horse,00:00:00,TFL
6178,5,5,dog,dog,00:00:00,TFL
6179,8,8,ship,ship,00:00:00,TFL
6180,0,0,airplane,airplane,00:00:00,TFL
6181,8,8,ship,ship,00:00:00,TFL
6182,1,1,automobile,automobile,00:00:00,TFL
6183,5,3,dog,cat,00:00:00,TFL
6184,1,1,automobile,automobile,00:00:00,TFL
6185,5,5,dog,dog,00:00:00,TFL
6186,9,9,truck,truck,00:00:00,TFL
6187,0,0,airplane,airplane,00:00:00,TFL
6188,9,9,truck,truck,00:00:00,TFL
6189,2,2,bird,bird,00:00:00,TFL
6190,4,2,deer,bird,00:00:00,TFL
6191,0,0,airplane,airplane,00:00:00,TFL
6192,6,6,frog,frog,00:00:00,TFL
6193,9,9,truck,truck,00:00:00,TFL
6194,1,1,automobile,automobile,00:00:00,TFL
6195,1,1,automobile,automobile,00:00:00,TFL
6196,3,3,cat,cat,00:00:00,TFL
6197,4,3,deer,cat,00:00:00,TFL
6198,9,9,truck,truck,00:00:00,TFL
6199,5,5,dog,dog,00:00:00,TFL
6200,3,3,cat,cat,00:00:00,TFL
6201,3,3,cat,cat,00:00:00,TFL
6202,3,2,cat,bird,00:00:00,TFL
6203,3,3,cat,cat,00:00:00,TFL
6204,4,4,deer,deer,00:00:00,TFL
6205,1,1,automobile,automobile,00:00:00,TFL
6206,5,3,dog,cat,00:00:00,TFL
6207,9,9,truck,truck,00:00:00,TFL
6208,8,8,ship,ship,00:00:00,TFL
6209,7,7,horse,horse,00:00:00,TFL
6210,4,5,deer,dog,00:00:00,TFL
6211,8,8,ship,ship,00:00:00,TFL
6212,7,7,horse,horse,00:00:00,TFL
6213,3,6,cat,frog,00:00:00,TFL
6214,5,5,dog,dog,00:00:00,TFL
6215,2,2,bird,bird,00:00:00,TFL
6216,5,5,dog,dog,00:00:00,TFL
6217,8,8,ship,ship,00:00:00,TFL
6218,9,9,truck,truck,00:00:00,TFL
6219,7,7,horse,horse,00:00:00,TFL
6220,2,2,bird,bird,00:00:00,TFL
6221,0,0,airplane,airplane,00:00:00,TFL
6222,0,0,airplane,airplane,00:00:00,TFL
6223,7,7,horse,horse,00:00:00,TFL
6224,5,5,dog,dog,00:00:00,TFL
6225,3,3,cat,cat,00:00:00,TFL
6226,5,5,dog,dog,00:00:00,TFL
6227,7,7,horse,horse,00:00:00,TFL
6228,4,7,deer,horse,00:00:00,TFL
6229,6,6,frog,frog,00:00:00,TFL
6230,2,2,bird,bird,00:00:00,TFL
6231,8,8,ship,ship,00:00:00,TFL
6232,2,2,bird,bird,00:00:00,TFL
6233,7,7,horse,horse,00:00:00,TFL
6234,7,7,horse,horse,00:00:00,TFL
6235,6,6,frog,frog,00:00:00,TFL
6236,1,1,automobile,automobile,00:00:00,TFL
6237,3,5,cat,dog,00:00:00,TFL
6238,8,8,ship,ship,00:00:00,TFL
6239,6,6,frog,frog,00:00:00,TFL
6240,2,2,bird,bird,00:00:00,TFL
6241,0,0,airplane,airplane,00:00:00,TFL
6242,4,0,deer,airplane,00:00:00,TFL
6243,4,4,deer,deer,00:00:00,TFL
6244,8,8,ship,ship,00:00:00,TFL
6245,6,6,frog,frog,00:00:00,TFL
6246,4,4,deer,deer,00:00:00,TFL
6247,0,0,airplane,airplane,00:00:00,TFL
6248,2,2,bird,bird,00:00:00,TFL
6249,5,5,dog,dog,00:00:00,TFL
6250,4,7,deer,horse,00:00:00,TFL
6251,1,9,automobile,truck,00:00:00,TFL
6252,2,2,bird,bird,00:00:00,TFL
6253,5,4,dog,deer,00:00:00,TFL
6254,4,4,deer,deer,00:00:00,TFL
6255,6,6,frog,frog,00:00:00,TFL
6256,9,9,truck,truck,00:00:00,TFL
6257,5,5,dog,dog,00:00:00,TFL
6258,0,0,airplane,airplane,00:00:00,TFL
6259,5,5,dog,dog,00:00:00,TFL
6260,2,2,bird,bird,00:00:00,TFL
6261,0,2,airplane,bird,00:00:00,TFL
6262,8,8,ship,ship,00:00:00,TFL
6263,2,2,bird,bird,00:00:00,TFL
6264,6,4,frog,deer,00:00:00,TFL
6265,4,4,deer,deer,00:00:00,TFL
6266,7,7,horse,horse,00:00:00,TFL
6267,9,9,truck,truck,00:00:00,TFL
6268,5,5,dog,dog,00:00:00,TFL
6269,7,7,horse,horse,00:00:00,TFL
6270,2,2,bird,bird,00:00:00,TFL
6271,6,6,frog,frog,00:00:00,TFL
6272,2,2,bird,bird,00:00:00,TFL
6273,1,1,automobile,automobile,00:00:00,TFL
6274,9,9,truck,truck,00:00:00,TFL
6275,9,9,truck,truck,00:00:00,TFL
6276,7,4,horse,deer,00:00:00,TFL
6277,2,2,bird,bird,00:00:00,TFL
6278,5,5,dog,dog,00:00:00,TFL
6279,1,1,automobile,automobile,00:00:00,TFL
6280,8,8,ship,ship,00:00:00,TFL
6281,1,1,automobile,automobile,00:00:00,TFL
6282,6,6,frog,frog,00:00:00,TFL
6283,3,3,cat,cat,00:00:00,TFL
6284,0,0,airplane,airplane,00:00:00,TFL
6285,8,8,ship,ship,00:00:00,TFL
6286,8,8,ship,ship,00:00:00,TFL
6287,5,5,dog,dog,00:00:00,TFL
6288,6,6,frog,frog,00:00:00,TFL
6289,9,9,truck,truck,00:00:00,TFL
6290,9,9,truck,truck,00:00:00,TFL
6291,9,9,truck,truck,00:00:00,TFL
6292,6,4,frog,deer,00:00:00,TFL
6293,3,3,cat,cat,00:00:00,TFL
6294,0,0,airplane,airplane,00:00:00,TFL
6295,8,8,ship,ship,00:00:00,TFL
6296,8,8,ship,ship,00:00:00,TFL
6297,5,5,dog,dog,00:00:00,TFL
6298,3,3,cat,cat,00:00:00,TFL
6299,3,4,cat,deer,00:00:00,TFL
6300,1,1,automobile,automobile,00:00:00,TFL
6301,1,1,automobile,automobile,00:00:00,TFL
6302,0,0,airplane,airplane,00:00:00,TFL
6303,7,7,horse,horse,00:00:00,TFL
6304,0,0,airplane,airplane,00:00:00,TFL
6305,6,3,frog,cat,00:00:00,TFL
6306,0,0,airplane,airplane,00:00:00,TFL
6307,4,4,deer,deer,00:00:00,TFL
6308,4,4,deer,deer,00:00:00,TFL
6309,6,6,frog,frog,00:00:00,TFL
6310,5,5,dog,dog,00:00:00,TFL
6311,3,3,cat,cat,00:00:00,TFL
6312,2,2,bird,bird,00:00:00,TFL
6313,9,9,truck,truck,00:00:00,TFL
6314,6,6,frog,frog,00:00:00,TFL
6315,6,6,frog,frog,00:00:00,TFL
6316,7,7,horse,horse,00:00:00,TFL
6317,9,9,truck,truck,00:00:00,TFL
6318,7,7,horse,horse,00:00:00,TFL
6319,7,7,horse,horse,00:00:00,TFL
6320,0,0,airplane,airplane,00:00:00,TFL
6321,8,8,ship,ship,00:00:00,TFL
6322,4,7,deer,horse,00:00:00,TFL
6323,2,2,bird,bird,00:00:00,TFL
6324,7,7,horse,horse,00:00:00,TFL
6325,7,7,horse,horse,00:00:00,TFL
6326,7,7,horse,horse,00:00:00,TFL
6327,4,4,deer,deer,00:00:00,TFL
6328,0,0,airplane,airplane,00:00:00,TFL
6329,1,8,automobile,ship,00:00:00,TFL
6330,6,6,frog,frog,00:00:00,TFL
6331,0,0,airplane,airplane,00:00:00,TFL
6332,5,4,dog,deer,00:00:00,TFL
6333,3,3,cat,cat,00:00:00,TFL
6334,0,2,airplane,bird,00:00:00,TFL
6335,2,2,bird,bird,00:00:00,TFL
6336,4,4,deer,deer,00:00:00,TFL
6337,9,9,truck,truck,00:00:00,TFL
6338,7,7,horse,horse,00:00:00,TFL
6339,3,3,cat,cat,00:00:00,TFL
6340,3,3,cat,cat,00:00:00,TFL
6341,2,1,bird,automobile,00:00:00,TFL
6342,8,8,ship,ship,00:00:00,TFL
6343,8,8,ship,ship,00:00:00,TFL
6344,5,5,dog,dog,00:00:00,TFL
6345,3,3,cat,cat,00:00:00,TFL
6346,8,8,ship,ship,00:00:00,TFL
6347,0,0,airplane,airplane,00:00:00,TFL
6348,8,8,ship,ship,00:00:00,TFL
6349,0,4,airplane,deer,00:00:00,TFL
6350,0,0,airplane,airplane,00:00:00,TFL
6351,0,0,airplane,airplane,00:00:00,TFL
6352,2,2,bird,bird,00:00:00,TFL
6353,2,2,bird,bird,00:00:00,TFL
6354,7,9,horse,truck,00:00:00,TFL
6355,0,0,airplane,airplane,00:00:00,TFL
6356,7,7,horse,horse,00:00:00,TFL
6357,7,7,horse,horse,00:00:00,TFL
6358,7,7,horse,horse,00:00:00,TFL
6359,2,7,bird,horse,00:00:00,TFL
6360,2,2,bird,bird,00:00:00,TFL
6361,0,0,airplane,airplane,00:00:00,TFL
6362,4,4,deer,deer,00:00:00,TFL
6363,0,0,airplane,airplane,00:00:00,TFL
6364,3,5,cat,dog,00:00:00,TFL
6365,7,7,horse,horse,00:00:00,TFL
6366,8,8,ship,ship,00:00:00,TFL
6367,4,4,deer,deer,00:00:00,TFL
6368,7,7,horse,horse,00:00:00,TFL
6369,9,9,truck,truck,00:00:00,TFL
6370,6,6,frog,frog,00:00:00,TFL
6371,1,9,automobile,truck,00:00:00,TFL
6372,1,1,automobile,automobile,00:00:00,TFL
6373,6,6,frog,frog,00:00:00,TFL
6374,9,9,truck,truck,00:00:00,TFL
6375,3,3,cat,cat,00:00:00,TFL
6376,8,8,ship,ship,00:00:00,TFL
6377,9,9,truck,truck,00:00:00,TFL
6378,5,7,dog,horse,00:00:00,TFL
6379,8,8,ship,ship,00:00:00,TFL
6380,3,5,cat,dog,00:00:00,TFL
6381,9,1,truck,automobile,00:00:00,TFL
6382,4,3,deer,cat,00:00:00,TFL
6383,3,5,cat,dog,00:00:00,TFL
6384,7,7,horse,horse,00:00:00,TFL
6385,5,5,dog,dog,00:00:00,TFL
6386,5,5,dog,dog,00:00:00,TFL
6387,2,2,bird,bird,00:00:00,TFL
6388,7,3,horse,cat,00:00:00,TFL
6389,5,5,dog,dog,00:00:00,TFL
6390,7,7,horse,horse,00:00:00,TFL
6391,9,9,truck,truck,00:00:00,TFL
6392,6,6,frog,frog,00:00:00,TFL
6393,3,2,cat,bird,00:00:00,TFL
6394,0,0,airplane,airplane,00:00:00,TFL
6395,8,8,ship,ship,00:00:00,TFL
6396,4,4,deer,deer,00:00:00,TFL
6397,5,5,dog,dog,00:00:00,TFL
6398,6,6,frog,frog,00:00:00,TFL
6399,1,1,automobile,automobile,00:00:00,TFL
6400,0,0,airplane,airplane,00:00:00,TFL
6401,4,5,deer,dog,00:00:00,TFL
6402,8,0,ship,airplane,00:00:00,TFL
6403,4,4,deer,deer,00:00:00,TFL
6404,7,7,horse,horse,00:00:00,TFL
6405,1,1,automobile,automobile,00:00:00,TFL
6406,3,9,cat,truck,00:00:00,TFL
6407,2,2,bird,bird,00:00:00,TFL
6408,0,0,airplane,airplane,00:00:00,TFL
6409,9,9,truck,truck,00:00:00,TFL
6410,1,1,automobile,automobile,00:00:00,TFL
6411,8,8,ship,ship,00:00:00,TFL
6412,8,9,ship,truck,00:00:00,TFL
6413,6,6,frog,frog,00:00:00,TFL
6414,8,8,ship,ship,00:00:00,TFL
6415,1,1,automobile,automobile,00:00:00,TFL
6416,7,7,horse,horse,00:00:00,TFL
6417,1,1,automobile,automobile,00:00:00,TFL
6418,0,0,airplane,airplane,00:00:00,TFL
6419,9,8,truck,ship,00:00:00,TFL
6420,7,7,horse,horse,00:00:00,TFL
6421,6,6,frog,frog,00:00:00,TFL
6422,4,5,deer,dog,00:00:00,TFL
6423,5,5,dog,dog,00:00:00,TFL
6424,8,8,ship,ship,00:00:00,TFL
6425,2,2,bird,bird,00:00:00,TFL
6426,1,1,automobile,automobile,00:00:00,TFL
6427,2,2,bird,bird,00:00:00,TFL
6428,5,3,dog,cat,00:00:00,TFL
6429,8,8,ship,ship,00:00:00,TFL
6430,1,1,automobile,automobile,00:00:00,TFL
6431,1,1,automobile,automobile,00:00:00,TFL
6432,8,8,ship,ship,00:00:00,TFL
6433,8,8,ship,ship,00:00:00,TFL
6434,0,8,airplane,ship,00:00:00,TFL
6435,9,9,truck,truck,00:00:00,TFL
6436,0,8,airplane,ship,00:00:00,TFL
6437,0,0,airplane,airplane,00:00:00,TFL
6438,4,1,deer,automobile,00:00:00,TFL
6439,3,4,cat,deer,00:00:00,TFL
6440,3,3,cat,cat,00:00:00,TFL
6441,5,5,dog,dog,00:00:00,TFL
6442,6,4,frog,deer,00:00:00,TFL
6443,6,6,frog,frog,00:00:00,TFL
6444,3,3,cat,cat,00:00:00,TFL
6445,1,1,automobile,automobile,00:00:00,TFL
6446,4,4,deer,deer,00:00:00,TFL
6447,4,4,deer,deer,00:00:00,TFL
6448,7,7,horse,horse,00:00:00,TFL
6449,8,8,ship,ship,00:00:00,TFL
6450,0,0,airplane,airplane,00:00:00,TFL
6451,1,1,automobile,automobile,00:00:00,TFL
6452,4,5,deer,dog,00:00:00,TFL
6453,8,8,ship,ship,00:00:00,TFL
6454,4,4,deer,deer,00:00:00,TFL
6455,6,6,frog,frog,00:00:00,TFL
6456,2,2,bird,bird,00:00:00,TFL
6457,2,2,bird,bird,00:00:00,TFL
6458,2,2,bird,bird,00:00:00,TFL
6459,6,6,frog,frog,00:00:00,TFL
6460,3,3,cat,cat,00:00:00,TFL
6461,4,3,deer,cat,00:00:00,TFL
6462,0,0,airplane,airplane,00:00:00,TFL
6463,8,8,ship,ship,00:00:00,TFL
6464,1,1,automobile,automobile,00:00:00,TFL
6465,3,3,cat,cat,00:00:00,TFL
6466,8,8,ship,ship,00:00:00,TFL
6467,3,3,cat,cat,00:00:00,TFL
6468,8,8,ship,ship,00:00:00,TFL
6469,9,9,truck,truck,00:00:00,TFL
6470,1,1,automobile,automobile,00:00:00,TFL
6471,6,6,frog,frog,00:00:00,TFL
6472,1,1,automobile,automobile,00:00:00,TFL
6473,9,9,truck,truck,00:00:00,TFL
6474,8,8,ship,ship,00:00:00,TFL
6475,2,2,bird,bird,00:00:00,TFL
6476,0,0,airplane,airplane,00:00:00,TFL
6477,4,4,deer,deer,00:00:00,TFL
6478,7,7,horse,horse,00:00:00,TFL
6479,4,4,deer,deer,00:00:00,TFL
6480,0,0,airplane,airplane,00:00:00,TFL
6481,0,2,airplane,bird,00:00:00,TFL
6482,7,4,horse,deer,00:00:00,TFL
6483,6,6,frog,frog,00:00:00,TFL
6484,8,8,ship,ship,00:00:00,TFL
6485,9,9,truck,truck,00:00:00,TFL
6486,8,8,ship,ship,00:00:00,TFL
6487,6,6,frog,frog,00:00:00,TFL
6488,2,2,bird,bird,00:00:00,TFL
6489,8,8,ship,ship,00:00:00,TFL
6490,8,8,ship,ship,00:00:00,TFL
6491,0,3,airplane,cat,00:00:00,TFL
6492,1,1,automobile,automobile,00:00:00,TFL
6493,1,1,automobile,automobile,00:00:00,TFL
6494,0,0,airplane,airplane,00:00:00,TFL
6495,7,7,horse,horse,00:00:00,TFL
6496,7,7,horse,horse,00:00:00,TFL
6497,4,2,deer,bird,00:00:00,TFL
6498,4,4,deer,deer,00:00:00,TFL
6499,7,7,horse,horse,00:00:00,TFL
6500,7,9,horse,truck,00:00:00,TFL
6501,2,2,bird,bird,00:00:00,TFL
6502,6,6,frog,frog,00:00:00,TFL
6503,6,6,frog,frog,00:00:00,TFL
6504,7,7,horse,horse,00:00:00,TFL
6505,4,4,deer,deer,00:00:00,TFL
6506,5,5,dog,dog,00:00:00,TFL
6507,4,4,deer,deer,00:00:00,TFL
6508,0,0,airplane,airplane,00:00:00,TFL
6509,9,9,truck,truck,00:00:00,TFL
6510,4,3,deer,cat,00:00:00,TFL
6511,7,7,horse,horse,00:00:00,TFL
6512,2,2,bird,bird,00:00:00,TFL
6513,5,5,dog,dog,00:00:00,TFL
6514,3,2,cat,bird,00:00:00,TFL
6515,2,2,bird,bird,00:00:00,TFL
6516,2,3,bird,cat,00:00:00,TFL
6517,7,7,horse,horse,00:00:00,TFL
6518,6,6,frog,frog,00:00:00,TFL
6519,2,2,bird,bird,00:00:00,TFL
6520,6,6,frog,frog,00:00:00,TFL
6521,4,4,deer,deer,00:00:00,TFL
6522,9,1,truck,automobile,00:00:00,TFL
6523,6,6,frog,frog,00:00:00,TFL
6524,8,8,ship,ship,00:00:00,TFL
6525,3,3,cat,cat,00:00:00,TFL
6526,8,8,ship,ship,00:00:00,TFL
6527,5,5,dog,dog,00:00:00,TFL
6528,5,5,dog,dog,00:00:00,TFL
6529,2,2,bird,bird,00:00:00,TFL
6530,3,3,cat,cat,00:00:00,TFL
6531,4,4,deer,deer,00:00:00,TFL
6532,5,5,dog,dog,00:00:00,TFL
6533,2,3,bird,cat,00:00:00,TFL
6534,7,7,horse,horse,00:00:00,TFL
6535,5,5,dog,dog,00:00:00,TFL
6536,1,1,automobile,automobile,00:00:00,TFL
6537,5,5,dog,dog,00:00:00,TFL
6538,3,3,cat,cat,00:00:00,TFL
6539,7,7,horse,horse,00:00:00,TFL
6540,8,8,ship,ship,00:00:00,TFL
6541,8,8,ship,ship,00:00:00,TFL
6542,9,0,truck,airplane,00:00:00,TFL
6543,6,7,frog,horse,00:00:00,TFL
6544,0,0,airplane,airplane,00:00:00,TFL
6545,9,0,truck,airplane,00:00:00,TFL
6546,2,2,bird,bird,00:00:00,TFL
6547,6,6,frog,frog,00:00:00,TFL
6548,0,0,airplane,airplane,00:00:00,TFL
6549,0,0,airplane,airplane,00:00:00,TFL
6550,1,1,automobile,automobile,00:00:00,TFL
6551,4,4,deer,deer,00:00:00,TFL
6552,1,1,automobile,automobile,00:00:00,TFL
6553,3,3,cat,cat,00:00:00,TFL
6554,5,5,dog,dog,00:00:00,TFL
6555,1,1,automobile,automobile,00:00:00,TFL
6556,8,8,ship,ship,00:00:00,TFL
6557,9,9,truck,truck,00:00:00,TFL
6558,6,6,frog,frog,00:00:00,TFL
6559,2,4,bird,deer,00:00:00,TFL
6560,6,6,frog,frog,00:00:00,TFL
6561,9,9,truck,truck,00:00:00,TFL
6562,5,5,dog,dog,00:00:00,TFL
6563,6,6,frog,frog,00:00:00,TFL
6564,5,3,dog,cat,00:00:00,TFL
6565,9,9,truck,truck,00:00:00,TFL
6566,1,1,automobile,automobile,00:00:00,TFL
6567,4,4,deer,deer,00:00:00,TFL
6568,2,2,bird,bird,00:00:00,TFL
6569,8,9,ship,truck,00:00:00,TFL
6570,9,9,truck,truck,00:00:00,TFL
6571,5,5,dog,dog,00:00:00,TFL
6572,4,4,deer,deer,00:00:00,TFL
6573,7,7,horse,horse,00:00:00,TFL
6574,0,8,airplane,ship,00:00:00,TFL
6575,3,3,cat,cat,00:00:00,TFL
6576,7,7,horse,horse,00:00:00,TFL
6577,1,1,automobile,automobile,00:00:00,TFL
6578,6,6,frog,frog,00:00:00,TFL
6579,9,9,truck,truck,00:00:00,TFL
6580,1,1,automobile,automobile,00:00:00,TFL
6581,1,9,automobile,truck,00:00:00,TFL
6582,4,4,deer,deer,00:00:00,TFL
6583,0,0,airplane,airplane,00:00:00,TFL
6584,5,5,dog,dog,00:00:00,TFL
6585,1,1,automobile,automobile,00:00:00,TFL
6586,6,6,frog,frog,00:00:00,TFL
6587,3,3,cat,cat,00:00:00,TFL
6588,0,0,airplane,airplane,00:00:00,TFL
6589,2,2,bird,bird,00:00:00,TFL
6590,5,7,dog,horse,00:00:00,TFL
6591,5,5,dog,dog,00:00:00,TFL
6592,5,5,dog,dog,00:00:00,TFL
6593,2,2,bird,bird,00:00:00,TFL
6594,8,0,ship,airplane,00:00:00,TFL
6595,2,2,bird,bird,00:00:00,TFL
6596,3,2,cat,bird,00:00:00,TFL
6597,1,1,automobile,automobile,00:00:00,TFL
6598,6,4,frog,deer,00:00:00,TFL
6599,2,2,bird,bird,00:00:00,TFL
6600,7,7,horse,horse,00:00:00,TFL
6601,0,0,airplane,airplane,00:00:00,TFL
6602,8,8,ship,ship,00:00:00,TFL
6603,9,9,truck,truck,00:00:00,TFL
6604,2,2,bird,bird,00:00:00,TFL
6605,6,6,frog,frog,00:00:00,TFL
6606,4,3,deer,cat,00:00:00,TFL
6607,7,7,horse,horse,00:00:00,TFL
6608,5,5,dog,dog,00:00:00,TFL
6609,5,5,dog,dog,00:00:00,TFL
6610,8,8,ship,ship,00:00:00,TFL
6611,8,8,ship,ship,00:00:00,TFL
6612,7,7,horse,horse,00:00:00,TFL
6613,8,8,ship,ship,00:00:00,TFL
6614,5,5,dog,dog,00:00:00,TFL
6615,7,7,horse,horse,00:00:00,TFL
6616,4,4,deer,deer,00:00:00,TFL
6617,4,4,deer,deer,00:00:00,TFL
6618,0,0,airplane,airplane,00:00:00,TFL
6619,0,0,airplane,airplane,00:00:00,TFL
6620,7,7,horse,horse,00:00:00,TFL
6621,0,0,airplane,airplane,00:00:00,TFL
6622,4,4,deer,deer,00:00:00,TFL
6623,0,0,airplane,airplane,00:00:00,TFL
6624,4,4,deer,deer,00:00:00,TFL
6625,4,4,deer,deer,00:00:00,TFL
6626,2,2,bird,bird,00:00:00,TFL
6627,5,6,dog,frog,00:00:00,TFL
6628,4,4,deer,deer,00:00:00,TFL
6629,0,0,airplane,airplane,00:00:00,TFL
6630,7,7,horse,horse,00:00:00,TFL
6631,7,7,horse,horse,00:00:00,TFL
6632,7,7,horse,horse,00:00:00,TFL
6633,0,0,airplane,airplane,00:00:00,TFL
6634,4,4,deer,deer,00:00:00,TFL
6635,6,6,frog,frog,00:00:00,TFL
6636,2,2,bird,bird,00:00:00,TFL
6637,9,9,truck,truck,00:00:00,TFL
6638,1,1,automobile,automobile,00:00:00,TFL
6639,1,1,automobile,automobile,00:00:00,TFL
6640,5,3,dog,cat,00:00:00,TFL
6641,0,8,airplane,ship,00:00:00,TFL
6642,9,9,truck,truck,00:00:00,TFL
6643,1,1,automobile,automobile,00:00:00,TFL
6644,0,0,airplane,airplane,00:00:00,TFL
6645,6,6,frog,frog,00:00:00,TFL
6646,5,5,dog,dog,00:00:00,TFL
6647,3,3,cat,cat,00:00:00,TFL
6648,0,0,airplane,airplane,00:00:00,TFL
6649,9,9,truck,truck,00:00:00,TFL
6650,0,0,airplane,airplane,00:00:00,TFL
6651,6,6,frog,frog,00:00:00,TFL
6652,2,2,bird,bird,00:00:00,TFL
6653,0,2,airplane,bird,00:00:00,TFL
6654,4,4,deer,deer,00:00:00,TFL
6655,1,1,automobile,automobile,00:00:00,TFL
6656,6,7,frog,horse,00:00:00,TFL
6657,7,7,horse,horse,00:00:00,TFL
6658,6,6,frog,frog,00:00:00,TFL
6659,1,1,automobile,automobile,00:00:00,TFL
6660,0,0,airplane,airplane,00:00:00,TFL
6661,4,4,deer,deer,00:00:00,TFL
6662,6,6,frog,frog,00:00:00,TFL
6663,0,0,airplane,airplane,00:00:00,TFL
6664,4,4,deer,deer,00:00:00,TFL
6665,4,4,deer,deer,00:00:00,TFL
6666,2,2,bird,bird,00:00:00,TFL
6667,7,7,horse,horse,00:00:00,TFL
6668,6,6,frog,frog,00:00:00,TFL
6669,5,4,dog,deer,00:00:00,TFL
6670,3,3,cat,cat,00:00:00,TFL
6671,5,5,dog,dog,00:00:00,TFL
6672,9,9,truck,truck,00:00:00,TFL
6673,4,4,deer,deer,00:00:00,TFL
6674,5,5,dog,dog,00:00:00,TFL
6675,2,0,bird,airplane,00:00:00,TFL
6676,0,0,airplane,airplane,00:00:00,TFL
6677,5,5,dog,dog,00:00:00,TFL
6678,7,5,horse,dog,00:00:00,TFL
6679,2,2,bird,bird,00:00:00,TFL
6680,3,3,cat,cat,00:00:00,TFL
6681,9,9,truck,truck,00:00:00,TFL
6682,4,4,deer,deer,00:00:00,TFL
6683,5,5,dog,dog,00:00:00,TFL
6684,8,8,ship,ship,00:00:00,TFL
6685,1,1,automobile,automobile,00:00:00,TFL
6686,9,9,truck,truck,00:00:00,TFL
6687,3,3,cat,cat,00:00:00,TFL
6688,1,1,automobile,automobile,00:00:00,TFL
6689,8,8,ship,ship,00:00:00,TFL
6690,5,5,dog,dog,00:00:00,TFL
6691,8,8,ship,ship,00:00:00,TFL
6692,6,6,frog,frog,00:00:00,TFL
6693,6,4,frog,deer,00:00:00,TFL
6694,3,3,cat,cat,00:00:00,TFL
6695,4,4,deer,deer,00:00:00,TFL
6696,0,0,airplane,airplane,00:00:00,TFL
6697,2,2,bird,bird,00:00:00,TFL
6698,3,3,cat,cat,00:00:00,TFL
6699,2,2,bird,bird,00:00:00,TFL
6700,6,6,frog,frog,00:00:00,TFL
6701,1,1,automobile,automobile,00:00:00,TFL
6702,8,8,ship,ship,00:00:00,TFL
6703,2,6,bird,frog,00:00:00,TFL
6704,1,1,automobile,automobile,00:00:00,TFL
6705,3,5,cat,dog,00:00:00,TFL
6706,6,6,frog,frog,00:00:00,TFL
6707,2,2,bird,bird,00:00:00,TFL
6708,2,2,bird,bird,00:00:00,TFL
6709,3,5,cat,dog,00:00:00,TFL
6710,3,3,cat,cat,00:00:00,TFL
6711,5,5,dog,dog,00:00:00,TFL
6712,0,0,airplane,airplane,00:00:00,TFL
6713,2,2,bird,bird,00:00:00,TFL
6714,1,1,automobile,automobile,00:00:00,TFL
6715,2,0,bird,airplane,00:00:00,TFL
6716,8,8,ship,ship,00:00:00,TFL
6717,0,0,airplane,airplane,00:00:00,TFL
6718,8,8,ship,ship,00:00:00,TFL
6719,2,2,bird,bird,00:00:00,TFL
6720,2,2,bird,bird,00:00:00,TFL
6721,7,7,horse,horse,00:00:00,TFL
6722,3,3,cat,cat,00:00:00,TFL
6723,5,7,dog,horse,00:00:00,TFL
6724,9,9,truck,truck,00:00:00,TFL
6725,8,8,ship,ship,00:00:00,TFL
6726,3,3,cat,cat,00:00:00,TFL
6727,6,6,frog,frog,00:00:00,TFL
6728,1,1,automobile,automobile,00:00:00,TFL
6729,0,3,airplane,cat,00:00:00,TFL
6730,8,8,ship,ship,00:00:00,TFL
6731,6,6,frog,frog,00:00:00,TFL
6732,3,4,cat,deer,00:00:00,TFL
6733,5,5,dog,dog,00:00:00,TFL
6734,8,8,ship,ship,00:00:00,TFL
6735,9,9,truck,truck,00:00:00,TFL
6736,4,4,deer,deer,00:00:00,TFL
6737,8,8,ship,ship,00:00:00,TFL
6738,0,0,airplane,airplane,00:00:00,TFL
6739,0,0,airplane,airplane,00:00:00,TFL
6740,2,2,bird,bird,00:00:00,TFL
6741,9,9,truck,truck,00:00:00,TFL
6742,1,1,automobile,automobile,00:00:00,TFL
6743,8,8,ship,ship,00:00:00,TFL
6744,3,3,cat,cat,00:00:00,TFL
6745,7,7,horse,horse,00:00:00,TFL
6746,2,5,bird,dog,00:00:00,TFL
6747,8,8,ship,ship,00:00:00,TFL
6748,0,0,airplane,airplane,00:00:00,TFL
6749,9,9,truck,truck,00:00:00,TFL
6750,4,3,deer,cat,00:00:00,TFL
6751,8,8,ship,ship,00:00:00,TFL
6752,9,9,truck,truck,00:00:00,TFL
6753,4,8,deer,ship,00:00:00,TFL
6754,8,8,ship,ship,00:00:00,TFL
6755,9,9,truck,truck,00:00:00,TFL
6756,5,5,dog,dog,00:00:00,TFL
6757,4,4,deer,deer,00:00:00,TFL
6758,8,8,ship,ship,00:00:00,TFL
6759,1,9,automobile,truck,00:00:00,TFL
6760,5,5,dog,dog,00:00:00,TFL
6761,5,5,dog,dog,00:00:00,TFL
6762,7,7,horse,horse,00:00:00,TFL
6763,2,2,bird,bird,00:00:00,TFL
6764,5,3,dog,cat,00:00:00,TFL
6765,8,8,ship,ship,00:00:00,TFL
6766,8,8,ship,ship,00:00:00,TFL
6767,1,1,automobile,automobile,00:00:00,TFL
6768,2,2,bird,bird,00:00:00,TFL
6769,3,3,cat,cat,00:00:00,TFL
6770,1,1,automobile,automobile,00:00:00,TFL
6771,5,5,dog,dog,00:00:00,TFL
6772,0,0,airplane,airplane,00:00:00,TFL
6773,2,2,bird,bird,00:00:00,TFL
6774,3,5,cat,dog,00:00:00,TFL
6775,0,0,airplane,airplane,00:00:00,TFL
6776,8,8,ship,ship,00:00:00,TFL
6777,2,2,bird,bird,00:00:00,TFL
6778,2,2,bird,bird,00:00:00,TFL
6779,8,9,ship,truck,00:00:00,TFL
6780,7,7,horse,horse,00:00:00,TFL
6781,3,3,cat,cat,00:00:00,TFL
6782,5,5,dog,dog,00:00:00,TFL
6783,3,6,cat,frog,00:00:00,TFL
6784,9,9,truck,truck,00:00:00,TFL
6785,6,6,frog,frog,00:00:00,TFL
6786,3,7,cat,horse,00:00:00,TFL
6787,5,5,dog,dog,00:00:00,TFL
6788,1,1,automobile,automobile,00:00:00,TFL
6789,1,1,automobile,automobile,00:00:00,TFL
6790,7,7,horse,horse,00:00:00,TFL
6791,7,7,horse,horse,00:00:00,TFL
6792,3,6,cat,frog,00:00:00,TFL
6793,3,3,cat,cat,00:00:00,TFL
6794,8,8,ship,ship,00:00:00,TFL
6795,9,0,truck,airplane,00:00:00,TFL
6796,6,6,frog,frog,00:00:00,TFL
6797,0,0,airplane,airplane,00:00:00,TFL
6798,8,8,ship,ship,00:00:00,TFL
6799,0,0,airplane,airplane,00:00:00,TFL
6800,6,6,frog,frog,00:00:00,TFL
6801,6,6,frog,frog,00:00:00,TFL
6802,4,4,deer,deer,00:00:00,TFL
6803,6,6,frog,frog,00:00:00,TFL
6804,9,9,truck,truck,00:00:00,TFL
6805,1,1,automobile,automobile,00:00:00,TFL
6806,1,1,automobile,automobile,00:00:00,TFL
6807,7,7,horse,horse,00:00:00,TFL
6808,0,0,airplane,airplane,00:00:00,TFL
6809,6,6,frog,frog,00:00:00,TFL
6810,8,8,ship,ship,00:00:00,TFL
6811,9,9,truck,truck,00:00:00,TFL
6812,0,9,airplane,truck,00:00:00,TFL
6813,6,6,frog,frog,00:00:00,TFL
6814,9,9,truck,truck,00:00:00,TFL
6815,0,0,airplane,airplane,00:00:00,TFL
6816,1,1,automobile,automobile,00:00:00,TFL
6817,1,1,automobile,automobile,00:00:00,TFL
6818,7,7,horse,horse,00:00:00,TFL
6819,2,3,bird,cat,00:00:00,TFL
6820,1,1,automobile,automobile,00:00:00,TFL
6821,0,0,airplane,airplane,00:00:00,TFL
6822,4,4,deer,deer,00:00:00,TFL
6823,5,5,dog,dog,00:00:00,TFL
6824,0,0,airplane,airplane,00:00:00,TFL
6825,3,3,cat,cat,00:00:00,TFL
6826,6,6,frog,frog,00:00:00,TFL
6827,3,2,cat,bird,00:00:00,TFL
6828,3,3,cat,cat,00:00:00,TFL
6829,8,8,ship,ship,00:00:00,TFL
6830,1,1,automobile,automobile,00:00:00,TFL
6831,8,8,ship,ship,00:00:00,TFL
6832,1,1,automobile,automobile,00:00:00,TFL
6833,3,6,cat,frog,00:00:00,TFL
6834,1,1,automobile,automobile,00:00:00,TFL
6835,5,5,dog,dog,00:00:00,TFL
6836,4,4,deer,deer,00:00:00,TFL
6837,5,5,dog,dog,00:00:00,TFL
6838,1,1,automobile,automobile,00:00:00,TFL
6839,8,2,ship,bird,00:00:00,TFL
6840,9,9,truck,truck,00:00:00,TFL
6841,1,1,automobile,automobile,00:00:00,TFL
6842,3,3,cat,cat,00:00:00,TFL
6843,1,1,automobile,automobile,00:00:00,TFL
6844,7,7,horse,horse,00:00:00,TFL
6845,2,6,bird,frog,00:00:00,TFL
6846,9,9,truck,truck,00:00:00,TFL
6847,8,8,ship,ship,00:00:00,TFL
6848,9,0,truck,airplane,00:00:00,TFL
6849,4,4,deer,deer,00:00:00,TFL
6850,6,6,frog,frog,00:00:00,TFL
6851,0,0,airplane,airplane,00:00:00,TFL
6852,9,9,truck,truck,00:00:00,TFL
6853,4,7,deer,horse,00:00:00,TFL
6854,0,0,airplane,airplane,00:00:00,TFL
6855,4,4,deer,deer,00:00:00,TFL
6856,6,6,frog,frog,00:00:00,TFL
6857,2,4,bird,deer,00:00:00,TFL
6858,1,1,automobile,automobile,00:00:00,TFL
6859,3,6,cat,frog,00:00:00,TFL
6860,0,2,airplane,bird,00:00:00,TFL
6861,8,0,ship,airplane,00:00:00,TFL
6862,5,5,dog,dog,00:00:00,TFL
6863,6,6,frog,frog,00:00:00,TFL
6864,0,0,airplane,airplane,00:00:00,TFL
6865,3,3,cat,cat,00:00:00,TFL
6866,4,4,deer,deer,00:00:00,TFL
6867,6,6,frog,frog,00:00:00,TFL
6868,9,9,truck,truck,00:00:00,TFL
6869,5,3,dog,cat,00:00:00,TFL
6870,7,7,horse,horse,00:00:00,TFL
6871,9,9,truck,truck,00:00:00,TFL
6872,0,2,airplane,bird,00:00:00,TFL
6873,3,3,cat,cat,00:00:00,TFL
6874,6,6,frog,frog,00:00:00,TFL
6875,5,5,dog,dog,00:00:00,TFL
6876,7,9,horse,truck,00:00:00,TFL
6877,0,8,airplane,ship,00:00:00,TFL
6878,5,5,dog,dog,00:00:00,TFL
6879,1,1,automobile,automobile,00:00:00,TFL
6880,2,2,bird,bird,00:00:00,TFL
6881,2,3,bird,cat,00:00:00,TFL
6882,9,9,truck,truck,00:00:00,TFL
6883,7,4,horse,deer,00:00:00,TFL
6884,0,0,airplane,airplane,00:00:00,TFL
6885,0,0,airplane,airplane,00:00:00,TFL
6886,1,1,automobile,automobile,00:00:00,TFL
6887,4,4,deer,deer,00:00:00,TFL
6888,4,4,deer,deer,00:00:00,TFL
6889,5,5,dog,dog,00:00:00,TFL
6890,5,5,dog,dog,00:00:00,TFL
6891,9,9,truck,truck,00:00:00,TFL
6892,6,6,frog,frog,00:00:00,TFL
6893,3,3,cat,cat,00:00:00,TFL
6894,6,6,frog,frog,00:00:00,TFL
6895,2,0,bird,airplane,00:00:00,TFL
6896,6,6,frog,frog,00:00:00,TFL
6897,9,1,truck,automobile,00:00:00,TFL
6898,3,3,cat,cat,00:00:00,TFL
6899,2,5,bird,dog,00:00:00,TFL
6900,3,3,cat,cat,00:00:00,TFL
6901,2,0,bird,airplane,00:00:00,TFL
6902,4,4,deer,deer,00:00:00,TFL
6903,9,9,truck,truck,00:00:00,TFL
6904,5,5,dog,dog,00:00:00,TFL
6905,2,2,bird,bird,00:00:00,TFL
6906,1,1,automobile,automobile,00:00:00,TFL
6907,6,6,frog,frog,00:00:00,TFL
6908,6,6,frog,frog,00:00:00,TFL
6909,4,4,deer,deer,00:00:00,TFL
6910,7,7,horse,horse,00:00:00,TFL
6911,6,6,frog,frog,00:00:00,TFL
6912,3,3,cat,cat,00:00:00,TFL
6913,3,6,cat,frog,00:00:00,TFL
6914,8,8,ship,ship,00:00:00,TFL
6915,1,1,automobile,automobile,00:00:00,TFL
6916,4,4,deer,deer,00:00:00,TFL
6917,6,6,frog,frog,00:00:00,TFL
6918,4,4,deer,deer,00:00:00,TFL
6919,4,4,deer,deer,00:00:00,TFL
6920,5,2,dog,bird,00:00:00,TFL
6921,6,6,frog,frog,00:00:00,TFL
6922,2,6,bird,frog,00:00:00,TFL
6923,0,0,airplane,airplane,00:00:00,TFL
6924,5,5,dog,dog,00:00:00,TFL
6925,2,2,bird,bird,00:00:00,TFL
6926,7,5,horse,dog,00:00:00,TFL
6927,5,5,dog,dog,00:00:00,TFL
6928,2,2,bird,bird,00:00:00,TFL
6929,5,5,dog,dog,00:00:00,TFL
6930,2,0,bird,airplane,00:00:00,TFL
6931,5,3,dog,cat,00:00:00,TFL
6932,9,9,truck,truck,00:00:00,TFL
6933,0,7,airplane,horse,00:00:00,TFL
6934,6,6,frog,frog,00:00:00,TFL
6935,7,7,horse,horse,00:00:00,TFL
6936,9,9,truck,truck,00:00:00,TFL
6937,8,8,ship,ship,00:00:00,TFL
6938,3,4,cat,deer,00:00:00,TFL
6939,2,2,bird,bird,00:00:00,TFL
6940,1,1,automobile,automobile,00:00:00,TFL
6941,4,4,deer,deer,00:00:00,TFL
6942,3,5,cat,dog,00:00:00,TFL
6943,4,4,deer,deer,00:00:00,TFL
6944,5,5,dog,dog,00:00:00,TFL
6945,5,5,dog,dog,00:00:00,TFL
6946,6,6,frog,frog,00:00:00,TFL
6947,8,8,ship,ship,00:00:00,TFL
6948,6,4,frog,deer,00:00:00,TFL
6949,0,0,airplane,airplane,00:00:00,TFL
6950,8,8,ship,ship,00:00:00,TFL
6951,9,9,truck,truck,00:00:00,TFL
6952,8,8,ship,ship,00:00:00,TFL
6953,0,0,airplane,airplane,00:00:00,TFL
6954,7,7,horse,horse,00:00:00,TFL
6955,7,7,horse,horse,00:00:00,TFL
6956,6,6,frog,frog,00:00:00,TFL
6957,6,6,frog,frog,00:00:00,TFL
6958,7,2,horse,bird,00:00:00,TFL
6959,5,5,dog,dog,00:00:00,TFL
6960,9,9,truck,truck,00:00:00,TFL
6961,8,8,ship,ship,00:00:00,TFL
6962,7,5,horse,dog,00:00:00,TFL
6963,9,9,truck,truck,00:00:00,TFL
6964,5,5,dog,dog,00:00:00,TFL
6965,6,6,frog,frog,00:00:00,TFL
6966,0,0,airplane,airplane,00:00:00,TFL
6967,4,4,deer,deer,00:00:00,TFL
6968,8,8,ship,ship,00:00:00,TFL
6969,2,3,bird,cat,00:00:00,TFL
6970,0,3,airplane,cat,00:00:00,TFL
6971,9,9,truck,truck,00:00:00,TFL
6972,1,1,automobile,automobile,00:00:00,TFL
6973,3,5,cat,dog,00:00:00,TFL
6974,9,9,truck,truck,00:00:00,TFL
6975,8,8,ship,ship,00:00:00,TFL
6976,3,0,cat,airplane,00:00:00,TFL
6977,7,7,horse,horse,00:00:00,TFL
6978,4,4,deer,deer,00:00:00,TFL
6979,5,4,dog,deer,00:00:00,TFL
6980,0,1,airplane,automobile,00:00:00,TFL
6981,2,2,bird,bird,00:00:00,TFL
6982,1,1,automobile,automobile,00:00:00,TFL
6983,9,9,truck,truck,00:00:00,TFL
6984,1,1,automobile,automobile,00:00:00,TFL
6985,0,8,airplane,ship,00:00:00,TFL
6986,5,3,dog,cat,00:00:00,TFL
6987,8,8,ship,ship,00:00:00,TFL
6988,4,4,deer,deer,00:00:00,TFL
6989,7,7,horse,horse,00:00:00,TFL
6990,3,3,cat,cat,00:00:00,TFL
6991,1,1,automobile,automobile,00:00:00,TFL
6992,4,4,deer,deer,00:00:00,TFL
6993,5,5,dog,dog,00:00:00,TFL
6994,3,4,cat,deer,00:00:00,TFL
6995,1,1,automobile,automobile,00:00:00,TFL
6996,0,0,airplane,airplane,00:00:00,TFL
6997,8,5,ship,dog,00:00:00,TFL
6998,8,8,ship,ship,00:00:00,TFL
6999,8,8,ship,ship,00:00:00,TFL
7000,2,2,bird,bird,00:00:00,TFL
7001,1,1,automobile,automobile,00:00:00,TFL
7002,3,6,cat,frog,00:00:00,TFL
7003,7,7,horse,horse,00:00:00,TFL
7004,3,5,cat,dog,00:00:00,TFL
7005,1,9,automobile,truck,00:00:00,TFL
7006,6,6,frog,frog,00:00:00,TFL
7007,9,9,truck,truck,00:00:00,TFL
7008,1,1,automobile,automobile,00:00:00,TFL
7009,6,3,frog,cat,00:00:00,TFL
7010,0,0,airplane,airplane,00:00:00,TFL
7011,7,7,horse,horse,00:00:00,TFL
7012,7,7,horse,horse,00:00:00,TFL
7013,1,1,automobile,automobile,00:00:00,TFL
7014,3,3,cat,cat,00:00:00,TFL
7015,3,3,cat,cat,00:00:00,TFL
7016,3,3,cat,cat,00:00:00,TFL
7017,1,1,automobile,automobile,00:00:00,TFL
7018,0,0,airplane,airplane,00:00:00,TFL
7019,2,2,bird,bird,00:00:00,TFL
7020,7,7,horse,horse,00:00:00,TFL
7021,1,9,automobile,truck,00:00:00,TFL
7022,2,2,bird,bird,00:00:00,TFL
7023,2,2,bird,bird,00:00:00,TFL
7024,9,9,truck,truck,00:00:00,TFL
7025,6,6,frog,frog,00:00:00,TFL
7026,3,3,cat,cat,00:00:00,TFL
7027,5,5,dog,dog,00:00:00,TFL
7028,9,9,truck,truck,00:00:00,TFL
7029,4,4,deer,deer,00:00:00,TFL
7030,8,4,ship,deer,00:00:00,TFL
7031,0,0,airplane,airplane,00:00:00,TFL
7032,4,4,deer,deer,00:00:00,TFL
7033,8,8,ship,ship,00:00:00,TFL
7034,0,0,airplane,airplane,00:00:00,TFL
7035,1,9,automobile,truck,00:00:00,TFL
7036,3,3,cat,cat,00:00:00,TFL
7037,7,5,horse,dog,00:00:00,TFL
7038,0,0,airplane,airplane,00:00:00,TFL
7039,4,4,deer,deer,00:00:00,TFL
7040,7,0,horse,airplane,00:00:00,TFL
7041,4,0,deer,airplane,00:00:00,TFL
7042,8,8,ship,ship,00:00:00,TFL
7043,6,6,frog,frog,00:00:00,TFL
7044,4,4,deer,deer,00:00:00,TFL
7045,3,3,cat,cat,00:00:00,TFL
7046,9,9,truck,truck,00:00:00,TFL
7047,8,8,ship,ship,00:00:00,TFL
7048,2,2,bird,bird,00:00:00,TFL
7049,2,2,bird,bird,00:00:00,TFL
7050,8,8,ship,ship,00:00:00,TFL
7051,3,3,cat,cat,00:00:00,TFL
7052,1,1,automobile,automobile,00:00:00,TFL
7053,1,1,automobile,automobile,00:00:00,TFL
7054,2,2,bird,bird,00:00:00,TFL
7055,8,8,ship,ship,00:00:00,TFL
7056,2,2,bird,bird,00:00:00,TFL
7057,6,6,frog,frog,00:00:00,TFL
7058,9,9,truck,truck,00:00:00,TFL
7059,4,6,deer,frog,00:00:00,TFL
7060,8,8,ship,ship,00:00:00,TFL
7061,4,3,deer,cat,00:00:00,TFL
7062,4,4,deer,deer,00:00:00,TFL
7063,1,1,automobile,automobile,00:00:00,TFL
7064,5,5,dog,dog,00:00:00,TFL
7065,2,2,bird,bird,00:00:00,TFL
7066,6,6,frog,frog,00:00:00,TFL
7067,9,9,truck,truck,00:00:00,TFL
7068,2,2,bird,bird,00:00:00,TFL
7069,0,0,airplane,airplane,00:00:00,TFL
7070,7,7,horse,horse,00:00:00,TFL
7071,1,1,automobile,automobile,00:00:00,TFL
7072,8,8,ship,ship,00:00:00,TFL
7073,9,9,truck,truck,00:00:00,TFL
7074,3,3,cat,cat,00:00:00,TFL
7075,9,9,truck,truck,00:00:00,TFL
7076,9,9,truck,truck,00:00:00,TFL
7077,0,0,airplane,airplane,00:00:00,TFL
7078,7,7,horse,horse,00:00:00,TFL
7079,7,7,horse,horse,00:00:00,TFL
7080,5,3,dog,cat,00:00:00,TFL
7081,4,4,deer,deer,00:00:00,TFL
7082,2,2,bird,bird,00:00:00,TFL
7083,6,6,frog,frog,00:00:00,TFL
7084,4,3,deer,cat,00:00:00,TFL
7085,5,5,dog,dog,00:00:00,TFL
7086,7,7,horse,horse,00:00:00,TFL
7087,7,5,horse,dog,00:00:00,TFL
7088,8,8,ship,ship,00:00:00,TFL
7089,7,7,horse,horse,00:00:00,TFL
7090,2,5,bird,dog,00:00:00,TFL
7091,6,6,frog,frog,00:00:00,TFL
7092,2,2,bird,bird,00:00:00,TFL
7093,2,4,bird,deer,00:00:00,TFL
7094,4,4,deer,deer,00:00:00,TFL
7095,4,4,deer,deer,00:00:00,TFL
7096,0,0,airplane,airplane,00:00:00,TFL
7097,7,7,horse,horse,00:00:00,TFL
7098,1,1,automobile,automobile,00:00:00,TFL
7099,3,5,cat,dog,00:00:00,TFL
7100,9,3,truck,cat,00:00:00,TFL
7101,6,6,frog,frog,00:00:00,TFL
7102,0,2,airplane,bird,00:00:00,TFL
7103,0,0,airplane,airplane,00:00:00,TFL
7104,2,1,bird,automobile,00:00:00,TFL
7105,3,3,cat,cat,00:00:00,TFL
7106,8,8,ship,ship,00:00:00,TFL
7107,2,3,bird,cat,00:00:00,TFL
7108,2,2,bird,bird,00:00:00,TFL
7109,4,7,deer,horse,00:00:00,TFL
7110,3,3,cat,cat,00:00:00,TFL
7111,5,5,dog,dog,00:00:00,TFL
7112,2,0,bird,airplane,00:00:00,TFL
7113,9,9,truck,truck,00:00:00,TFL
7114,1,1,automobile,automobile,00:00:00,TFL
7115,0,0,airplane,airplane,00:00:00,TFL
7116,0,0,airplane,airplane,00:00:00,TFL
7117,6,6,frog,frog,00:00:00,TFL
7118,5,5,dog,dog,00:00:00,TFL
7119,5,9,dog,truck,00:00:00,TFL
7120,7,5,horse,dog,00:00:00,TFL
7121,9,9,truck,truck,00:00:00,TFL
7122,9,9,truck,truck,00:00:00,TFL
7123,6,6,frog,frog,00:00:00,TFL
7124,5,5,dog,dog,00:00:00,TFL
7125,5,5,dog,dog,00:00:00,TFL
7126,0,5,airplane,dog,00:00:00,TFL
7127,5,5,dog,dog,00:00:00,TFL
7128,7,7,horse,horse,00:00:00,TFL
7129,1,1,automobile,automobile,00:00:00,TFL
7130,6,6,frog,frog,00:00:00,TFL
7131,6,6,frog,frog,00:00:00,TFL
7132,4,4,deer,deer,00:00:00,TFL
7133,1,1,automobile,automobile,00:00:00,TFL
7134,4,6,deer,frog,00:00:00,TFL
7135,4,4,deer,deer,00:00:00,TFL
7136,1,1,automobile,automobile,00:00:00,TFL
7137,5,5,dog,dog,00:00:00,TFL
7138,0,0,airplane,airplane,00:00:00,TFL
7139,0,0,airplane,airplane,00:00:00,TFL
7140,4,4,deer,deer,00:00:00,TFL
7141,5,5,dog,dog,00:00:00,TFL
7142,8,8,ship,ship,00:00:00,TFL
7143,4,2,deer,bird,00:00:00,TFL
7144,8,8,ship,ship,00:00:00,TFL
7145,3,5,cat,dog,00:00:00,TFL
7146,0,0,airplane,airplane,00:00:00,TFL
7147,5,5,dog,dog,00:00:00,TFL
7148,0,0,airplane,airplane,00:00:00,TFL
7149,5,5,dog,dog,00:00:00,TFL
7150,3,3,cat,cat,00:00:00,TFL
7151,1,1,automobile,automobile,00:00:00,TFL
7152,6,6,frog,frog,00:00:00,TFL
7153,7,7,horse,horse,00:00:00,TFL
7154,0,0,airplane,airplane,00:00:00,TFL
7155,9,9,truck,truck,00:00:00,TFL
7156,1,1,automobile,automobile,00:00:00,TFL
7157,5,5,dog,dog,00:00:00,TFL
7158,7,7,horse,horse,00:00:00,TFL
7159,6,6,frog,frog,00:00:00,TFL
7160,5,5,dog,dog,00:00:00,TFL
7161,5,5,dog,dog,00:00:00,TFL
7162,5,3,dog,cat,00:00:00,TFL
7163,6,6,frog,frog,00:00:00,TFL
7164,0,0,airplane,airplane,00:00:00,TFL
7165,0,0,airplane,airplane,00:00:00,TFL
7166,1,1,automobile,automobile,00:00:00,TFL
7167,7,7,horse,horse,00:00:00,TFL
7168,5,3,dog,cat,00:00:00,TFL
7169,1,1,automobile,automobile,00:00:00,TFL
7170,9,9,truck,truck,00:00:00,TFL
7171,2,2,bird,bird,00:00:00,TFL
7172,4,4,deer,deer,00:00:00,TFL
7173,1,6,automobile,frog,00:00:00,TFL
7174,3,6,cat,frog,00:00:00,TFL
7175,7,4,horse,deer,00:00:00,TFL
7176,8,8,ship,ship,00:00:00,TFL
7177,2,0,bird,airplane,00:00:00,TFL
7178,0,0,airplane,airplane,00:00:00,TFL
7179,9,9,truck,truck,00:00:00,TFL
7180,6,6,frog,frog,00:00:00,TFL
7181,6,6,frog,frog,00:00:00,TFL
7182,0,0,airplane,airplane,00:00:00,TFL
7183,6,5,frog,dog,00:00:00,TFL
7184,5,5,dog,dog,00:00:00,TFL
7185,8,8,ship,ship,00:00:00,TFL
7186,2,2,bird,bird,00:00:00,TFL
7187,7,7,horse,horse,00:00:00,TFL
7188,4,7,deer,horse,00:00:00,TFL
7189,0,0,airplane,airplane,00:00:00,TFL
7190,2,2,bird,bird,00:00:00,TFL
7191,7,7,horse,horse,00:00:00,TFL
7192,7,7,horse,horse,00:00:00,TFL
7193,8,8,ship,ship,00:00:00,TFL
7194,8,8,ship,ship,00:00:00,TFL
7195,7,7,horse,horse,00:00:00,TFL
7196,0,0,airplane,airplane,00:00:00,TFL
7197,4,2,deer,bird,00:00:00,TFL
7198,9,9,truck,truck,00:00:00,TFL
7199,1,1,automobile,automobile,00:00:00,TFL
7200,4,4,deer,deer,00:00:00,TFL
7201,4,5,deer,dog,00:00:00,TFL
7202,3,5,cat,dog,00:00:00,TFL
7203,5,3,dog,cat,00:00:00,TFL
7204,4,4,deer,deer,00:00:00,TFL
7205,6,6,frog,frog,00:00:00,TFL
7206,2,2,bird,bird,00:00:00,TFL
7207,3,3,cat,cat,00:00:00,TFL
7208,1,1,automobile,automobile,00:00:00,TFL
7209,0,0,airplane,airplane,00:00:00,TFL
7210,3,3,cat,cat,00:00:00,TFL
7211,3,3,cat,cat,00:00:00,TFL
7212,3,3,cat,cat,00:00:00,TFL
7213,6,5,frog,dog,00:00:00,TFL
7214,3,5,cat,dog,00:00:00,TFL
7215,1,1,automobile,automobile,00:00:00,TFL
7216,2,2,bird,bird,00:00:00,TFL
7217,8,0,ship,airplane,00:00:00,TFL
7218,9,9,truck,truck,00:00:00,TFL
7219,7,5,horse,dog,00:00:00,TFL
7220,9,9,truck,truck,00:00:00,TFL
7221,3,3,cat,cat,00:00:00,TFL
7222,8,8,ship,ship,00:00:00,TFL
7223,7,7,horse,horse,00:00:00,TFL
7224,3,0,cat,airplane,00:00:00,TFL
7225,1,1,automobile,automobile,00:00:00,TFL
7226,7,7,horse,horse,00:00:00,TFL
7227,7,7,horse,horse,00:00:00,TFL
7228,3,8,cat,ship,00:00:00,TFL
7229,2,2,bird,bird,00:00:00,TFL
7230,2,2,bird,bird,00:00:00,TFL
7231,8,8,ship,ship,00:00:00,TFL
7232,9,9,truck,truck,00:00:00,TFL
7233,5,5,dog,dog,00:00:00,TFL
7234,9,9,truck,truck,00:00:00,TFL
7235,2,6,bird,frog,00:00:00,TFL
7236,1,1,automobile,automobile,00:00:00,TFL
7237,7,7,horse,horse,00:00:00,TFL
7238,4,4,deer,deer,00:00:00,TFL
7239,4,4,deer,deer,00:00:00,TFL
7240,0,0,airplane,airplane,00:00:00,TFL
7241,5,5,dog,dog,00:00:00,TFL
7242,7,7,horse,horse,00:00:00,TFL
7243,1,1,automobile,automobile,00:00:00,TFL
7244,5,5,dog,dog,00:00:00,TFL
7245,4,4,deer,deer,00:00:00,TFL
7246,0,2,airplane,bird,00:00:00,TFL
7247,8,8,ship,ship,00:00:00,TFL
7248,4,4,deer,deer,00:00:00,TFL
7249,9,9,truck,truck,00:00:00,TFL
7250,8,8,ship,ship,00:00:00,TFL
7251,7,7,horse,horse,00:00:00,TFL
7252,8,8,ship,ship,00:00:00,TFL
7253,4,4,deer,deer,00:00:00,TFL
7254,2,2,bird,bird,00:00:00,TFL
7255,3,3,cat,cat,00:00:00,TFL
7256,4,4,deer,deer,00:00:00,TFL
7257,0,0,airplane,airplane,00:00:00,TFL
7258,5,5,dog,dog,00:00:00,TFL
7259,4,4,deer,deer,00:00:00,TFL
7260,1,1,automobile,automobile,00:00:00,TFL
7261,8,0,ship,airplane,00:00:00,TFL
7262,2,2,bird,bird,00:00:00,TFL
7263,5,5,dog,dog,00:00:00,TFL
7264,4,4,deer,deer,00:00:00,TFL
7265,5,3,dog,cat,00:00:00,TFL
7266,2,4,bird,deer,00:00:00,TFL
7267,5,5,dog,dog,00:00:00,TFL
7268,3,3,cat,cat,00:00:00,TFL
7269,7,7,horse,horse,00:00:00,TFL
7270,9,9,truck,truck,00:00:00,TFL
7271,7,7,horse,horse,00:00:00,TFL
7272,1,1,automobile,automobile,00:00:00,TFL
7273,4,4,deer,deer,00:00:00,TFL
7274,1,9,automobile,truck,00:00:00,TFL
7275,3,3,cat,cat,00:00:00,TFL
7276,1,1,automobile,automobile,00:00:00,TFL
7277,4,4,deer,deer,00:00:00,TFL
7278,5,5,dog,dog,00:00:00,TFL
7279,5,5,dog,dog,00:00:00,TFL
7280,1,1,automobile,automobile,00:00:00,TFL
7281,7,7,horse,horse,00:00:00,TFL
7282,1,1,automobile,automobile,00:00:00,TFL
7283,3,7,cat,horse,00:00:00,TFL
7284,0,0,airplane,airplane,00:00:00,TFL
7285,1,1,automobile,automobile,00:00:00,TFL
7286,2,2,bird,bird,00:00:00,TFL
7287,5,5,dog,dog,00:00:00,TFL
7288,7,7,horse,horse,00:00:00,TFL
7289,0,0,airplane,airplane,00:00:00,TFL
7290,6,6,frog,frog,00:00:00,TFL
7291,3,3,cat,cat,00:00:00,TFL
7292,5,5,dog,dog,00:00:00,TFL
7293,7,7,horse,horse,00:00:00,TFL
7294,5,5,dog,dog,00:00:00,TFL
7295,5,5,dog,dog,00:00:00,TFL
7296,8,8,ship,ship,00:00:00,TFL
7297,9,9,truck,truck,00:00:00,TFL
7298,4,4,deer,deer,00:00:00,TFL
7299,6,6,frog,frog,00:00:00,TFL
7300,3,5,cat,dog,00:00:00,TFL
7301,6,6,frog,frog,00:00:00,TFL
7302,6,6,frog,frog,00:00:00,TFL
7303,8,8,ship,ship,00:00:00,TFL
7304,2,2,bird,bird,00:00:00,TFL
7305,6,6,frog,frog,00:00:00,TFL
7306,4,4,deer,deer,00:00:00,TFL
7307,8,8,ship,ship,00:00:00,TFL
7308,4,4,deer,deer,00:00:00,TFL
7309,1,1,automobile,automobile,00:00:00,TFL
7310,3,3,cat,cat,00:00:00,TFL
7311,1,9,automobile,truck,00:00:00,TFL
7312,2,2,bird,bird,00:00:00,TFL
7313,3,3,cat,cat,00:00:00,TFL
7314,3,3,cat,cat,00:00:00,TFL
7315,0,0,airplane,airplane,00:00:00,TFL
7316,1,1,automobile,automobile,00:00:00,TFL
7317,6,6,frog,frog,00:00:00,TFL
7318,4,2,deer,bird,00:00:00,TFL
7319,2,2,bird,bird,00:00:00,TFL
7320,8,0,ship,airplane,00:00:00,TFL
7321,2,4,bird,deer,00:00:00,TFL
7322,4,4,deer,deer,00:00:00,TFL
7323,3,4,cat,deer,00:00:00,TFL
7324,1,1,automobile,automobile,00:00:00,TFL
7325,4,4,deer,deer,00:00:00,TFL
7326,4,4,deer,deer,00:00:00,TFL
7327,4,4,deer,deer,00:00:00,TFL
7328,4,4,deer,deer,00:00:00,TFL
7329,1,1,automobile,automobile,00:00:00,TFL
7330,5,5,dog,dog,00:00:00,TFL
7331,5,5,dog,dog,00:00:00,TFL
7332,7,7,horse,horse,00:00:00,TFL
7333,6,6,frog,frog,00:00:00,TFL
7334,5,5,dog,dog,00:00:00,TFL
7335,4,4,deer,deer,00:00:00,TFL
7336,5,5,dog,dog,00:00:00,TFL
7337,6,6,frog,frog,00:00:00,TFL
7338,5,5,dog,dog,00:00:00,TFL
7339,6,6,frog,frog,00:00:00,TFL
7340,2,2,bird,bird,00:00:00,TFL
7341,4,4,deer,deer,00:00:00,TFL
7342,7,7,horse,horse,00:00:00,TFL
7343,7,7,horse,horse,00:00:00,TFL
7344,4,4,deer,deer,00:00:00,TFL
7345,6,6,frog,frog,00:00:00,TFL
7346,5,5,dog,dog,00:00:00,TFL
7347,0,0,airplane,airplane,00:00:00,TFL
7348,2,2,bird,bird,00:00:00,TFL
7349,3,3,cat,cat,00:00:00,TFL
7350,9,9,truck,truck,00:00:00,TFL
7351,2,4,bird,deer,00:00:00,TFL
7352,3,3,cat,cat,00:00:00,TFL
7353,8,8,ship,ship,00:00:00,TFL
7354,0,0,airplane,airplane,00:00:00,TFL
7355,7,7,horse,horse,00:00:00,TFL
7356,0,2,airplane,bird,00:00:00,TFL
7357,6,6,frog,frog,00:00:00,TFL
7358,8,8,ship,ship,00:00:00,TFL
7359,1,1,automobile,automobile,00:00:00,TFL
7360,2,2,bird,bird,00:00:00,TFL
7361,8,8,ship,ship,00:00:00,TFL
7362,9,9,truck,truck,00:00:00,TFL
7363,1,1,automobile,automobile,00:00:00,TFL
7364,5,5,dog,dog,00:00:00,TFL
7365,4,4,deer,deer,00:00:00,TFL
7366,2,2,bird,bird,00:00:00,TFL
7367,3,3,cat,cat,00:00:00,TFL
7368,5,5,dog,dog,00:00:00,TFL
7369,5,5,dog,dog,00:00:00,TFL
7370,3,3,cat,cat,00:00:00,TFL
7371,6,6,frog,frog,00:00:00,TFL
7372,5,5,dog,dog,00:00:00,TFL
7373,0,0,airplane,airplane,00:00:00,TFL
7374,3,3,cat,cat,00:00:00,TFL
7375,2,5,bird,dog,00:00:00,TFL
7376,1,1,automobile,automobile,00:00:00,TFL
7377,3,3,cat,cat,00:00:00,TFL
7378,3,5,cat,dog,00:00:00,TFL
7379,7,7,horse,horse,00:00:00,TFL
7380,7,7,horse,horse,00:00:00,TFL
7381,4,4,deer,deer,00:00:00,TFL
7382,9,9,truck,truck,00:00:00,TFL
7383,4,4,deer,deer,00:00:00,TFL
7384,3,5,cat,dog,00:00:00,TFL
7385,9,9,truck,truck,00:00:00,TFL
7386,5,5,dog,dog,00:00:00,TFL
7387,1,1,automobile,automobile,00:00:00,TFL
7388,7,7,horse,horse,00:00:00,TFL
7389,6,6,frog,frog,00:00:00,TFL
7390,6,6,frog,frog,00:00:00,TFL
7391,4,4,deer,deer,00:00:00,TFL
7392,8,8,ship,ship,00:00:00,TFL
7393,5,4,dog,deer,00:00:00,TFL
7394,1,1,automobile,automobile,00:00:00,TFL
7395,2,5,bird,dog,00:00:00,TFL
7396,8,8,ship,ship,00:00:00,TFL
7397,4,6,deer,frog,00:00:00,TFL
7398,5,3,dog,cat,00:00:00,TFL
7399,3,3,cat,cat,00:00:00,TFL
7400,3,3,cat,cat,00:00:00,TFL
7401,3,3,cat,cat,00:00:00,TFL
7402,0,9,airplane,truck,00:00:00,TFL
7403,4,4,deer,deer,00:00:00,TFL
7404,8,8,ship,ship,00:00:00,TFL
7405,7,7,horse,horse,00:00:00,TFL
7406,7,2,horse,bird,00:00:00,TFL
7407,9,9,truck,truck,00:00:00,TFL
7408,4,7,deer,horse,00:00:00,TFL
7409,8,8,ship,ship,00:00:00,TFL
7410,4,4,deer,deer,00:00:00,TFL
7411,5,3,dog,cat,00:00:00,TFL
7412,9,9,truck,truck,00:00:00,TFL
7413,1,1,automobile,automobile,00:00:00,TFL
7414,8,0,ship,airplane,00:00:00,TFL
7415,3,3,cat,cat,00:00:00,TFL
7416,1,9,automobile,truck,00:00:00,TFL
7417,3,3,cat,cat,00:00:00,TFL
7418,8,8,ship,ship,00:00:00,TFL
7419,0,0,airplane,airplane,00:00:00,TFL
7420,3,6,cat,frog,00:00:00,TFL
7421,5,5,dog,dog,00:00:00,TFL
7422,4,4,deer,deer,00:00:00,TFL
7423,6,6,frog,frog,00:00:00,TFL
7424,9,9,truck,truck,00:00:00,TFL
7425,2,2,bird,bird,00:00:00,TFL
7426,7,7,horse,horse,00:00:00,TFL
7427,2,2,bird,bird,00:00:00,TFL
7428,0,0,airplane,airplane,00:00:00,TFL
7429,5,5,dog,dog,00:00:00,TFL
7430,2,2,bird,bird,00:00:00,TFL
7431,9,9,truck,truck,00:00:00,TFL
7432,7,7,horse,horse,00:00:00,TFL
7433,5,5,dog,dog,00:00:00,TFL
7434,0,0,airplane,airplane,00:00:00,TFL
7435,7,7,horse,horse,00:00:00,TFL
7436,0,0,airplane,airplane,00:00:00,TFL
7437,3,3,cat,cat,00:00:00,TFL
7438,5,5,dog,dog,00:00:00,TFL
7439,5,5,dog,dog,00:00:00,TFL
7440,3,3,cat,cat,00:00:00,TFL
7441,8,1,ship,automobile,00:00:00,TFL
7442,7,7,horse,horse,00:00:00,TFL
7443,7,5,horse,dog,00:00:00,TFL
7444,9,1,truck,automobile,00:00:00,TFL
7445,6,6,frog,frog,00:00:00,TFL
7446,5,5,dog,dog,00:00:00,TFL
7447,8,0,ship,airplane,00:00:00,TFL
7448,9,9,truck,truck,00:00:00,TFL
7449,0,6,airplane,frog,00:00:00,TFL
7450,1,1,automobile,automobile,00:00:00,TFL
7451,9,1,truck,automobile,00:00:00,TFL
7452,4,4,deer,deer,00:00:00,TFL
7453,0,0,airplane,airplane,00:00:00,TFL
7454,0,0,airplane,airplane,00:00:00,TFL
7455,1,1,automobile,automobile,00:00:00,TFL
7456,7,7,horse,horse,00:00:00,TFL
7457,2,4,bird,deer,00:00:00,TFL
7458,2,5,bird,dog,00:00:00,TFL
7459,8,8,ship,ship,00:00:00,TFL
7460,5,5,dog,dog,00:00:00,TFL
7461,9,9,truck,truck,00:00:00,TFL
7462,8,1,ship,automobile,00:00:00,TFL
7463,2,2,bird,bird,00:00:00,TFL
7464,8,8,ship,ship,00:00:00,TFL
7465,0,0,airplane,airplane,00:00:00,TFL
7466,6,6,frog,frog,00:00:00,TFL
7467,6,6,frog,frog,00:00:00,TFL
7468,8,8,ship,ship,00:00:00,TFL
7469,6,6,frog,frog,00:00:00,TFL
7470,9,9,truck,truck,00:00:00,TFL
7471,6,3,frog,cat,00:00:00,TFL
7472,1,1,automobile,automobile,00:00:00,TFL
7473,1,1,automobile,automobile,00:00:00,TFL
7474,5,5,dog,dog,00:00:00,TFL
7475,3,3,cat,cat,00:00:00,TFL
7476,5,5,dog,dog,00:00:00,TFL
7477,0,0,airplane,airplane,00:00:00,TFL
7478,7,7,horse,horse,00:00:00,TFL
7479,6,6,frog,frog,00:00:00,TFL
7480,1,1,automobile,automobile,00:00:00,TFL
7481,4,4,deer,deer,00:00:00,TFL
7482,4,6,deer,frog,00:00:00,TFL
7483,1,1,automobile,automobile,00:00:00,TFL
7484,1,1,automobile,automobile,00:00:00,TFL
7485,8,8,ship,ship,00:00:00,TFL
7486,1,1,automobile,automobile,00:00:00,TFL
7487,1,1,automobile,automobile,00:00:00,TFL
7488,2,2,bird,bird,00:00:00,TFL
7489,3,3,cat,cat,00:00:00,TFL
7490,4,4,deer,deer,00:00:00,TFL
7491,9,9,truck,truck,00:00:00,TFL
7492,9,9,truck,truck,00:00:00,TFL
7493,5,5,dog,dog,00:00:00,TFL
7494,2,2,bird,bird,00:00:00,TFL
7495,7,7,horse,horse,00:00:00,TFL
7496,3,4,cat,deer,00:00:00,TFL
7497,3,5,cat,dog,00:00:00,TFL
7498,6,6,frog,frog,00:00:00,TFL
7499,9,1,truck,automobile,00:00:00,TFL
7500,6,6,frog,frog,00:00:00,TFL
7501,9,9,truck,truck,00:00:00,TFL
7502,8,8,ship,ship,00:00:00,TFL
7503,8,8,ship,ship,00:00:00,TFL
7504,6,6,frog,frog,00:00:00,TFL
7505,7,7,horse,horse,00:00:00,TFL
7506,4,4,deer,deer,00:00:00,TFL
7507,7,7,horse,horse,00:00:00,TFL
7508,2,2,bird,bird,00:00:00,TFL
7509,3,5,cat,dog,00:00:00,TFL
7510,8,8,ship,ship,00:00:00,TFL
7511,0,0,airplane,airplane,00:00:00,TFL
7512,9,9,truck,truck,00:00:00,TFL
7513,0,0,airplane,airplane,00:00:00,TFL
7514,7,7,horse,horse,00:00:00,TFL
7515,8,8,ship,ship,00:00:00,TFL
7516,1,1,automobile,automobile,00:00:00,TFL
7517,2,2,bird,bird,00:00:00,TFL
7518,3,4,cat,deer,00:00:00,TFL
7519,2,2,bird,bird,00:00:00,TFL
7520,4,4,deer,deer,00:00:00,TFL
7521,2,2,bird,bird,00:00:00,TFL
7522,9,9,truck,truck,00:00:00,TFL
7523,0,0,airplane,airplane,00:00:00,TFL
7524,3,3,cat,cat,00:00:00,TFL
7525,8,8,ship,ship,00:00:00,TFL
7526,9,9,truck,truck,00:00:00,TFL
7527,6,6,frog,frog,00:00:00,TFL
7528,5,5,dog,dog,00:00:00,TFL
7529,5,5,dog,dog,00:00:00,TFL
7530,2,2,bird,bird,00:00:00,TFL
7531,4,4,deer,deer,00:00:00,TFL
7532,1,1,automobile,automobile,00:00:00,TFL
7533,0,0,airplane,airplane,00:00:00,TFL
7534,6,6,frog,frog,00:00:00,TFL
7535,1,1,automobile,automobile,00:00:00,TFL
7536,8,9,ship,truck,00:00:00,TFL
7537,4,4,deer,deer,00:00:00,TFL
7538,5,5,dog,dog,00:00:00,TFL
7539,5,5,dog,dog,00:00:00,TFL
7540,5,5,dog,dog,00:00:00,TFL
7541,0,0,airplane,airplane,00:00:00,TFL
7542,8,8,ship,ship,00:00:00,TFL
7543,9,9,truck,truck,00:00:00,TFL
7544,0,0,airplane,airplane,00:00:00,TFL
7545,5,5,dog,dog,00:00:00,TFL
7546,7,7,horse,horse,00:00:00,TFL
7547,9,9,truck,truck,00:00:00,TFL
7548,6,6,frog,frog,00:00:00,TFL
7549,3,5,cat,dog,00:00:00,TFL
7550,4,4,deer,deer,00:00:00,TFL
7551,6,6,frog,frog,00:00:00,TFL
7552,4,4,deer,deer,00:00:00,TFL
7553,9,9,truck,truck,00:00:00,TFL
7554,7,5,horse,dog,00:00:00,TFL
7555,1,1,automobile,automobile,00:00:00,TFL
7556,2,4,bird,deer,00:00:00,TFL
7557,5,2,dog,bird,00:00:00,TFL
7558,2,2,bird,bird,00:00:00,TFL
7559,8,0,ship,airplane,00:00:00,TFL
7560,0,0,airplane,airplane,00:00:00,TFL
7561,2,7,bird,horse,00:00:00,TFL
7562,2,2,bird,bird,00:00:00,TFL
7563,9,9,truck,truck,00:00:00,TFL
7564,8,8,ship,ship,00:00:00,TFL
7565,1,1,automobile,automobile,00:00:00,TFL
7566,9,9,truck,truck,00:00:00,TFL
7567,7,7,horse,horse,00:00:00,TFL
7568,7,7,horse,horse,00:00:00,TFL
7569,3,6,cat,frog,00:00:00,TFL
7570,1,1,automobile,automobile,00:00:00,TFL
7571,4,4,deer,deer,00:00:00,TFL
7572,1,1,automobile,automobile,00:00:00,TFL
7573,1,1,automobile,automobile,00:00:00,TFL
7574,3,3,cat,cat,00:00:00,TFL
7575,8,8,ship,ship,00:00:00,TFL
7576,8,8,ship,ship,00:00:00,TFL
7577,1,1,automobile,automobile,00:00:00,TFL
7578,9,9,truck,truck,00:00:00,TFL
7579,3,5,cat,dog,00:00:00,TFL
7580,8,8,ship,ship,00:00:00,TFL
7581,9,9,truck,truck,00:00:00,TFL
7582,5,3,dog,cat,00:00:00,TFL
7583,1,1,automobile,automobile,00:00:00,TFL
7584,1,1,automobile,automobile,00:00:00,TFL
7585,6,6,frog,frog,00:00:00,TFL
7586,2,3,bird,cat,00:00:00,TFL
7587,7,7,horse,horse,00:00:00,TFL
7588,2,5,bird,dog,00:00:00,TFL
7589,6,6,frog,frog,00:00:00,TFL
7590,2,4,bird,deer,00:00:00,TFL
7591,6,6,frog,frog,00:00:00,TFL
7592,9,9,truck,truck,00:00:00,TFL
7593,6,6,frog,frog,00:00:00,TFL
7594,0,0,airplane,airplane,00:00:00,TFL
7595,1,1,automobile,automobile,00:00:00,TFL
7596,3,5,cat,dog,00:00:00,TFL
7597,9,9,truck,truck,00:00:00,TFL
7598,3,3,cat,cat,00:00:00,TFL
7599,8,8,ship,ship,00:00:00,TFL
7600,8,1,ship,automobile,00:00:00,TFL
7601,8,8,ship,ship,00:00:00,TFL
7602,2,6,bird,frog,00:00:00,TFL
7603,9,9,truck,truck,00:00:00,TFL
7604,1,1,automobile,automobile,00:00:00,TFL
7605,2,6,bird,frog,00:00:00,TFL
7606,6,6,frog,frog,00:00:00,TFL
7607,0,0,airplane,airplane,00:00:00,TFL
7608,5,5,dog,dog,00:00:00,TFL
7609,0,9,airplane,truck,00:00:00,TFL
7610,7,7,horse,horse,00:00:00,TFL
7611,7,7,horse,horse,00:00:00,TFL
7612,7,7,horse,horse,00:00:00,TFL
7613,9,9,truck,truck,00:00:00,TFL
7614,4,4,deer,deer,00:00:00,TFL
7615,5,5,dog,dog,00:00:00,TFL
7616,0,0,airplane,airplane,00:00:00,TFL
7617,2,2,bird,bird,00:00:00,TFL
7618,3,3,cat,cat,00:00:00,TFL
7619,5,3,dog,cat,00:00:00,TFL
7620,5,9,dog,truck,00:00:00,TFL
7621,8,8,ship,ship,00:00:00,TFL
7622,9,9,truck,truck,00:00:00,TFL
7623,1,1,automobile,automobile,00:00:00,TFL
7624,2,2,bird,bird,00:00:00,TFL
7625,7,7,horse,horse,00:00:00,TFL
7626,1,1,automobile,automobile,00:00:00,TFL
7627,3,3,cat,cat,00:00:00,TFL
7628,4,3,deer,cat,00:00:00,TFL
7629,6,6,frog,frog,00:00:00,TFL
7630,9,9,truck,truck,00:00:00,TFL
7631,1,1,automobile,automobile,00:00:00,TFL
7632,0,7,airplane,horse,00:00:00,TFL
7633,7,7,horse,horse,00:00:00,TFL
7634,1,1,automobile,automobile,00:00:00,TFL
7635,9,9,truck,truck,00:00:00,TFL
7636,5,5,dog,dog,00:00:00,TFL
7637,8,8,ship,ship,00:00:00,TFL
7638,1,1,automobile,automobile,00:00:00,TFL
7639,9,9,truck,truck,00:00:00,TFL
7640,9,1,truck,automobile,00:00:00,TFL
7641,7,5,horse,dog,00:00:00,TFL
7642,9,9,truck,truck,00:00:00,TFL
7643,8,8,ship,ship,00:00:00,TFL
7644,3,5,cat,dog,00:00:00,TFL
7645,0,0,airplane,airplane,00:00:00,TFL
7646,2,2,bird,bird,00:00:00,TFL
7647,6,6,frog,frog,00:00:00,TFL
7648,0,9,airplane,truck,00:00:00,TFL
7649,2,2,bird,bird,00:00:00,TFL
7650,2,2,bird,bird,00:00:00,TFL
7651,4,4,deer,deer,00:00:00,TFL
7652,0,0,airplane,airplane,00:00:00,TFL
7653,8,8,ship,ship,00:00:00,TFL
7654,4,4,deer,deer,00:00:00,TFL
7655,8,8,ship,ship,00:00:00,TFL
7656,1,1,automobile,automobile,00:00:00,TFL
7657,2,5,bird,dog,00:00:00,TFL
7658,7,7,horse,horse,00:00:00,TFL
7659,2,2,bird,bird,00:00:00,TFL
7660,7,4,horse,deer,00:00:00,TFL
7661,9,9,truck,truck,00:00:00,TFL
7662,5,3,dog,cat,00:00:00,TFL
7663,2,2,bird,bird,00:00:00,TFL
7664,2,2,bird,bird,00:00:00,TFL
7665,9,9,truck,truck,00:00:00,TFL
7666,2,4,bird,deer,00:00:00,TFL
7667,6,6,frog,frog,00:00:00,TFL
7668,5,5,dog,dog,00:00:00,TFL
7669,7,4,horse,deer,00:00:00,TFL
7670,2,2,bird,bird,00:00:00,TFL
7671,5,5,dog,dog,00:00:00,TFL
7672,6,6,frog,frog,00:00:00,TFL
7673,5,5,dog,dog,00:00:00,TFL
7674,1,9,automobile,truck,00:00:00,TFL
7675,8,7,ship,horse,00:00:00,TFL
7676,2,2,bird,bird,00:00:00,TFL
7677,6,6,frog,frog,00:00:00,TFL
7678,8,8,ship,ship,00:00:00,TFL
7679,6,6,frog,frog,00:00:00,TFL
7680,3,5,cat,dog,00:00:00,TFL
7681,0,0,airplane,airplane,00:00:00,TFL
7682,8,8,ship,ship,00:00:00,TFL
7683,0,0,airplane,airplane,00:00:00,TFL
7684,0,0,airplane,airplane,00:00:00,TFL
7685,9,1,truck,automobile,00:00:00,TFL
7686,9,9,truck,truck,00:00:00,TFL
7687,6,6,frog,frog,00:00:00,TFL
7688,8,8,ship,ship,00:00:00,TFL
7689,0,8,airplane,ship,00:00:00,TFL
7690,6,6,frog,frog,00:00:00,TFL
7691,6,6,frog,frog,00:00:00,TFL
7692,0,0,airplane,airplane,00:00:00,TFL
7693,7,7,horse,horse,00:00:00,TFL
7694,9,9,truck,truck,00:00:00,TFL
7695,8,8,ship,ship,00:00:00,TFL
7696,0,0,airplane,airplane,00:00:00,TFL
7697,5,5,dog,dog,00:00:00,TFL
7698,0,0,airplane,airplane,00:00:00,TFL
7699,9,9,truck,truck,00:00:00,TFL
7700,6,6,frog,frog,00:00:00,TFL
7701,0,0,airplane,airplane,00:00:00,TFL
7702,4,4,deer,deer,00:00:00,TFL
7703,7,7,horse,horse,00:00:00,TFL
7704,1,1,automobile,automobile,00:00:00,TFL
7705,7,7,horse,horse,00:00:00,TFL
7706,8,8,ship,ship,00:00:00,TFL
7707,8,8,ship,ship,00:00:00,TFL
7708,2,4,bird,deer,00:00:00,TFL
7709,3,6,cat,frog,00:00:00,TFL
7710,9,9,truck,truck,00:00:00,TFL
7711,6,4,frog,deer,00:00:00,TFL
7712,5,5,dog,dog,00:00:00,TFL
7713,5,5,dog,dog,00:00:00,TFL
7714,3,3,cat,cat,00:00:00,TFL
7715,1,1,automobile,automobile,00:00:00,TFL
7716,5,5,dog,dog,00:00:00,TFL
7717,3,3,cat,cat,00:00:00,TFL
7718,0,0,airplane,airplane,00:00:00,TFL
7719,2,2,bird,bird,00:00:00,TFL
7720,5,5,dog,dog,00:00:00,TFL
7721,2,2,bird,bird,00:00:00,TFL
7722,7,7,horse,horse,00:00:00,TFL
7723,3,3,cat,cat,00:00:00,TFL
7724,8,8,ship,ship,00:00:00,TFL
7725,4,4,deer,deer,00:00:00,TFL
7726,4,4,deer,deer,00:00:00,TFL
7727,6,6,frog,frog,00:00:00,TFL
7728,1,1,automobile,automobile,00:00:00,TFL
7729,9,9,truck,truck,00:00:00,TFL
7730,4,4,deer,deer,00:00:00,TFL
7731,1,1,automobile,automobile,00:00:00,TFL
7732,7,7,horse,horse,00:00:00,TFL
7733,0,0,airplane,airplane,00:00:00,TFL
7734,1,3,automobile,cat,00:00:00,TFL
7735,4,4,deer,deer,00:00:00,TFL
7736,3,3,cat,cat,00:00:00,TFL
7737,0,0,airplane,airplane,00:00:00,TFL
7738,2,2,bird,bird,00:00:00,TFL
7739,9,9,truck,truck,00:00:00,TFL
7740,4,4,deer,deer,00:00:00,TFL
7741,5,5,dog,dog,00:00:00,TFL
7742,0,0,airplane,airplane,00:00:00,TFL
7743,3,3,cat,cat,00:00:00,TFL
7744,4,3,deer,cat,00:00:00,TFL
7745,7,7,horse,horse,00:00:00,TFL
7746,2,2,bird,bird,00:00:00,TFL
7747,3,3,cat,cat,00:00:00,TFL
7748,0,0,airplane,airplane,00:00:00,TFL
7749,1,1,automobile,automobile,00:00:00,TFL
7750,3,6,cat,frog,00:00:00,TFL
7751,7,7,horse,horse,00:00:00,TFL
7752,9,9,truck,truck,00:00:00,TFL
7753,9,9,truck,truck,00:00:00,TFL
7754,0,0,airplane,airplane,00:00:00,TFL
7755,7,7,horse,horse,00:00:00,TFL
7756,5,5,dog,dog,00:00:00,TFL
7757,6,6,frog,frog,00:00:00,TFL
7758,7,7,horse,horse,00:00:00,TFL
7759,1,1,automobile,automobile,00:00:00,TFL
7760,2,2,bird,bird,00:00:00,TFL
7761,2,3,bird,cat,00:00:00,TFL
7762,7,7,horse,horse,00:00:00,TFL
7763,4,4,deer,deer,00:00:00,TFL
7764,6,6,frog,frog,00:00:00,TFL
7765,8,8,ship,ship,00:00:00,TFL
7766,4,4,deer,deer,00:00:00,TFL
7767,9,9,truck,truck,00:00:00,TFL
7768,8,8,ship,ship,00:00:00,TFL
7769,4,7,deer,horse,00:00:00,TFL
7770,9,9,truck,truck,00:00:00,TFL
7771,2,2,bird,bird,00:00:00,TFL
7772,3,3,cat,cat,00:00:00,TFL
7773,4,4,deer,deer,00:00:00,TFL
7774,0,0,airplane,airplane,00:00:00,TFL
7775,2,2,bird,bird,00:00:00,TFL
7776,5,5,dog,dog,00:00:00,TFL
7777,6,6,frog,frog,00:00:00,TFL
7778,0,6,airplane,frog,00:00:00,TFL
7779,5,5,dog,dog,00:00:00,TFL
7780,3,3,cat,cat,00:00:00,TFL
7781,5,5,dog,dog,00:00:00,TFL
7782,8,8,ship,ship,00:00:00,TFL
7783,3,3,cat,cat,00:00:00,TFL
7784,7,4,horse,deer,00:00:00,TFL
7785,4,6,deer,frog,00:00:00,TFL
7786,9,9,truck,truck,00:00:00,TFL
7787,5,5,dog,dog,00:00:00,TFL
7788,6,6,frog,frog,00:00:00,TFL
7789,3,3,cat,cat,00:00:00,TFL
7790,8,8,ship,ship,00:00:00,TFL
7791,6,6,frog,frog,00:00:00,TFL
7792,9,1,truck,automobile,00:00:00,TFL
7793,8,8,ship,ship,00:00:00,TFL
7794,5,5,dog,dog,00:00:00,TFL
7795,5,7,dog,horse,00:00:00,TFL
7796,8,8,ship,ship,00:00:00,TFL
7797,3,6,cat,frog,00:00:00,TFL
7798,5,3,dog,cat,00:00:00,TFL
7799,9,9,truck,truck,00:00:00,TFL
7800,0,0,airplane,airplane,00:00:00,TFL
7801,4,4,deer,deer,00:00:00,TFL
7802,2,5,bird,dog,00:00:00,TFL
7803,0,0,airplane,airplane,00:00:00,TFL
7804,5,5,dog,dog,00:00:00,TFL
7805,9,9,truck,truck,00:00:00,TFL
7806,9,1,truck,automobile,00:00:00,TFL
7807,3,3,cat,cat,00:00:00,TFL
7808,8,8,ship,ship,00:00:00,TFL
7809,0,0,airplane,airplane,00:00:00,TFL
7810,6,6,frog,frog,00:00:00,TFL
7811,0,0,airplane,airplane,00:00:00,TFL
7812,2,2,bird,bird,00:00:00,TFL
7813,3,0,cat,airplane,00:00:00,TFL
7814,7,7,horse,horse,00:00:00,TFL
7815,0,8,airplane,ship,00:00:00,TFL
7816,0,4,airplane,deer,00:00:00,TFL
7817,6,6,frog,frog,00:00:00,TFL
7818,9,9,truck,truck,00:00:00,TFL
7819,1,1,automobile,automobile,00:00:00,TFL
7820,5,5,dog,dog,00:00:00,TFL
7821,2,2,bird,bird,00:00:00,TFL
7822,2,4,bird,deer,00:00:00,TFL
7823,7,4,horse,deer,00:00:00,TFL
7824,9,9,truck,truck,00:00:00,TFL
7825,3,3,cat,cat,00:00:00,TFL
7826,9,1,truck,automobile,00:00:00,TFL
7827,3,5,cat,dog,00:00:00,TFL
7828,5,5,dog,dog,00:00:00,TFL
7829,2,0,bird,airplane,00:00:00,TFL
7830,2,2,bird,bird,00:00:00,TFL
7831,2,4,bird,deer,00:00:00,TFL
7832,8,8,ship,ship,00:00:00,TFL
7833,8,8,ship,ship,00:00:00,TFL
7834,5,5,dog,dog,00:00:00,TFL
7835,0,0,airplane,airplane,00:00:00,TFL
7836,0,0,airplane,airplane,00:00:00,TFL
7837,7,7,horse,horse,00:00:00,TFL
7838,0,0,airplane,airplane,00:00:00,TFL
7839,3,4,cat,deer,00:00:00,TFL
7840,1,1,automobile,automobile,00:00:00,TFL
7841,6,6,frog,frog,00:00:00,TFL
7842,5,5,dog,dog,00:00:00,TFL
7843,0,0,airplane,airplane,00:00:00,TFL
7844,9,9,truck,truck,00:00:00,TFL
7845,2,2,bird,bird,00:00:00,TFL
7846,6,6,frog,frog,00:00:00,TFL
7847,7,7,horse,horse,00:00:00,TFL
7848,4,4,deer,deer,00:00:00,TFL
7849,2,0,bird,airplane,00:00:00,TFL
7850,0,0,airplane,airplane,00:00:00,TFL
7851,0,0,airplane,airplane,00:00:00,TFL
7852,5,7,dog,horse,00:00:00,TFL
7853,3,5,cat,dog,00:00:00,TFL
7854,3,3,cat,cat,00:00:00,TFL
7855,2,2,bird,bird,00:00:00,TFL
7856,6,6,frog,frog,00:00:00,TFL
7857,4,4,deer,deer,00:00:00,TFL
7858,2,2,bird,bird,00:00:00,TFL
7859,7,7,horse,horse,00:00:00,TFL
7860,8,8,ship,ship,00:00:00,TFL
7861,0,0,airplane,airplane,00:00:00,TFL
7862,1,1,automobile,automobile,00:00:00,TFL
7863,0,0,airplane,airplane,00:00:00,TFL
7864,1,1,automobile,automobile,00:00:00,TFL
7865,3,3,cat,cat,00:00:00,TFL
7866,6,6,frog,frog,00:00:00,TFL
7867,4,4,deer,deer,00:00:00,TFL
7868,8,8,ship,ship,00:00:00,TFL
7869,0,0,airplane,airplane,00:00:00,TFL
7870,6,6,frog,frog,00:00:00,TFL
7871,0,0,airplane,airplane,00:00:00,TFL
7872,9,9,truck,truck,00:00:00,TFL
7873,1,1,automobile,automobile,00:00:00,TFL
7874,6,6,frog,frog,00:00:00,TFL
7875,2,5,bird,dog,00:00:00,TFL
7876,1,1,automobile,automobile,00:00:00,TFL
7877,0,0,airplane,airplane,00:00:00,TFL
7878,1,1,automobile,automobile,00:00:00,TFL
7879,3,3,cat,cat,00:00:00,TFL
7880,0,0,airplane,airplane,00:00:00,TFL
7881,3,4,cat,deer,00:00:00,TFL
7882,7,7,horse,horse,00:00:00,TFL
7883,9,9,truck,truck,00:00:00,TFL
7884,9,9,truck,truck,00:00:00,TFL
7885,3,3,cat,cat,00:00:00,TFL
7886,7,7,horse,horse,00:00:00,TFL
7887,5,5,dog,dog,00:00:00,TFL
7888,7,7,horse,horse,00:00:00,TFL
7889,1,1,automobile,automobile,00:00:00,TFL
7890,6,6,frog,frog,00:00:00,TFL
7891,6,6,frog,frog,00:00:00,TFL
7892,1,9,automobile,truck,00:00:00,TFL
7893,1,8,automobile,ship,00:00:00,TFL
7894,1,1,automobile,automobile,00:00:00,TFL
7895,4,4,deer,deer,00:00:00,TFL
7896,4,4,deer,deer,00:00:00,TFL
7897,2,0,bird,airplane,00:00:00,TFL
7898,1,1,automobile,automobile,00:00:00,TFL
7899,7,7,horse,horse,00:00:00,TFL
7900,0,0,airplane,airplane,00:00:00,TFL
7901,1,1,automobile,automobile,00:00:00,TFL
7902,2,2,bird,bird,00:00:00,TFL
7903,1,1,automobile,automobile,00:00:00,TFL
7904,1,1,automobile,automobile,00:00:00,TFL
7905,3,3,cat,cat,00:00:00,TFL
7906,2,4,bird,deer,00:00:00,TFL
7907,6,6,frog,frog,00:00:00,TFL
7908,9,9,truck,truck,00:00:00,TFL
7909,1,1,automobile,automobile,00:00:00,TFL
7910,3,3,cat,cat,00:00:00,TFL
7911,2,2,bird,bird,00:00:00,TFL
7912,0,0,airplane,airplane,00:00:00,TFL
7913,8,6,ship,frog,00:00:00,TFL
7914,7,7,horse,horse,00:00:00,TFL
7915,3,5,cat,dog,00:00:00,TFL
7916,4,2,deer,bird,00:00:00,TFL
7917,6,6,frog,frog,00:00:00,TFL
7918,4,3,deer,cat,00:00:00,TFL
7919,6,6,frog,frog,00:00:00,TFL
7920,9,9,truck,truck,00:00:00,TFL
7921,4,4,deer,deer,00:00:00,TFL
7922,8,8,ship,ship,00:00:00,TFL
7923,9,9,truck,truck,00:00:00,TFL
7924,3,5,cat,dog,00:00:00,TFL
7925,0,0,airplane,airplane,00:00:00,TFL
7926,5,5,dog,dog,00:00:00,TFL
7927,7,7,horse,horse,00:00:00,TFL
7928,2,2,bird,bird,00:00:00,TFL
7929,0,2,airplane,bird,00:00:00,TFL
7930,2,2,bird,bird,00:00:00,TFL
7931,9,9,truck,truck,00:00:00,TFL
7932,9,9,truck,truck,00:00:00,TFL
7933,3,2,cat,bird,00:00:00,TFL
7934,8,8,ship,ship,00:00:00,TFL
7935,7,2,horse,bird,00:00:00,TFL
7936,1,1,automobile,automobile,00:00:00,TFL
7937,1,1,automobile,automobile,00:00:00,TFL
7938,2,2,bird,bird,00:00:00,TFL
7939,2,2,bird,bird,00:00:00,TFL
7940,2,2,bird,bird,00:00:00,TFL
7941,5,2,dog,bird,00:00:00,TFL
7942,9,9,truck,truck,00:00:00,TFL
7943,1,1,automobile,automobile,00:00:00,TFL
7944,2,2,bird,bird,00:00:00,TFL
7945,6,6,frog,frog,00:00:00,TFL
7946,1,1,automobile,automobile,00:00:00,TFL
7947,2,3,bird,cat,00:00:00,TFL
7948,1,1,automobile,automobile,00:00:00,TFL
7949,8,8,ship,ship,00:00:00,TFL
7950,9,9,truck,truck,00:00:00,TFL
7951,2,2,bird,bird,00:00:00,TFL
7952,3,3,cat,cat,00:00:00,TFL
7953,1,1,automobile,automobile,00:00:00,TFL
7954,9,9,truck,truck,00:00:00,TFL
7955,9,9,truck,truck,00:00:00,TFL
7956,4,4,deer,deer,00:00:00,TFL
7957,4,4,deer,deer,00:00:00,TFL
7958,5,5,dog,dog,00:00:00,TFL
7959,5,0,dog,airplane,00:00:00,TFL
7960,0,0,airplane,airplane,00:00:00,TFL
7961,3,2,cat,bird,00:00:00,TFL
7962,3,5,cat,dog,00:00:00,TFL
7963,7,7,horse,horse,00:00:00,TFL
7964,1,1,automobile,automobile,00:00:00,TFL
7965,7,7,horse,horse,00:00:00,TFL
7966,7,7,horse,horse,00:00:00,TFL
7967,9,7,truck,horse,00:00:00,TFL
7968,8,8,ship,ship,00:00:00,TFL
7969,6,1,frog,automobile,00:00:00,TFL
7970,3,5,cat,dog,00:00:00,TFL
7971,5,5,dog,dog,00:00:00,TFL
7972,5,5,dog,dog,00:00:00,TFL
7973,1,1,automobile,automobile,00:00:00,TFL
7974,6,6,frog,frog,00:00:00,TFL
7975,2,2,bird,bird,00:00:00,TFL
7976,7,7,horse,horse,00:00:00,TFL
7977,8,8,ship,ship,00:00:00,TFL
7978,4,4,deer,deer,00:00:00,TFL
7979,3,7,cat,horse,00:00:00,TFL
7980,3,3,cat,cat,00:00:00,TFL
7981,5,5,dog,dog,00:00:00,TFL
7982,9,9,truck,truck,00:00:00,TFL
7983,6,8,frog,ship,00:00:00,TFL
7984,8,8,ship,ship,00:00:00,TFL
7985,5,5,dog,dog,00:00:00,TFL
7986,1,1,automobile,automobile,00:00:00,TFL
7987,0,0,airplane,airplane,00:00:00,TFL
7988,6,6,frog,frog,00:00:00,TFL
7989,7,5,horse,dog,00:00:00,TFL
7990,0,4,airplane,deer,00:00:00,TFL
7991,9,9,truck,truck,00:00:00,TFL
7992,6,6,frog,frog,00:00:00,TFL
7993,2,2,bird,bird,00:00:00,TFL
7994,0,0,airplane,airplane,00:00:00,TFL
7995,8,8,ship,ship,00:00:00,TFL
7996,7,7,horse,horse,00:00:00,TFL
7997,1,1,automobile,automobile,00:00:00,TFL
7998,2,2,bird,bird,00:00:00,TFL
7999,6,6,frog,frog,00:00:00,TFL
8000,9,9,truck,truck,00:00:00,TFL
8001,1,1,automobile,automobile,00:00:00,TFL
8002,6,6,frog,frog,00:00:00,TFL
8003,4,4,deer,deer,00:00:00,TFL
8004,7,7,horse,horse,00:00:00,TFL
8005,1,1,automobile,automobile,00:00:00,TFL
8006,9,7,truck,horse,00:00:00,TFL
8007,0,0,airplane,airplane,00:00:00,TFL
8008,0,0,airplane,airplane,00:00:00,TFL
8009,5,3,dog,cat,00:00:00,TFL
8010,2,2,bird,bird,00:00:00,TFL
8011,8,8,ship,ship,00:00:00,TFL
8012,3,3,cat,cat,00:00:00,TFL
8013,8,8,ship,ship,00:00:00,TFL
8014,2,2,bird,bird,00:00:00,TFL
8015,8,8,ship,ship,00:00:00,TFL
8016,4,4,deer,deer,00:00:00,TFL
8017,0,0,airplane,airplane,00:00:00,TFL
8018,8,8,ship,ship,00:00:00,TFL
8019,3,3,cat,cat,00:00:00,TFL
8020,6,3,frog,cat,00:00:00,TFL
8021,1,1,automobile,automobile,00:00:00,TFL
8022,2,2,bird,bird,00:00:00,TFL
8023,3,3,cat,cat,00:00:00,TFL
8024,0,0,airplane,airplane,00:00:00,TFL
8025,5,5,dog,dog,00:00:00,TFL
8026,0,0,airplane,airplane,00:00:00,TFL
8027,4,4,deer,deer,00:00:00,TFL
8028,1,1,automobile,automobile,00:00:00,TFL
8029,7,7,horse,horse,00:00:00,TFL
8030,2,2,bird,bird,00:00:00,TFL
8031,0,0,airplane,airplane,00:00:00,TFL
8032,1,1,automobile,automobile,00:00:00,TFL
8033,3,3,cat,cat,00:00:00,TFL
8034,9,9,truck,truck,00:00:00,TFL
8035,1,1,automobile,automobile,00:00:00,TFL
8036,6,6,frog,frog,00:00:00,TFL
8037,1,1,automobile,automobile,00:00:00,TFL
8038,6,6,frog,frog,00:00:00,TFL
8039,1,1,automobile,automobile,00:00:00,TFL
8040,2,2,bird,bird,00:00:00,TFL
8041,8,3,ship,cat,00:00:00,TFL
8042,7,7,horse,horse,00:00:00,TFL
8043,0,0,airplane,airplane,00:00:00,TFL
8044,9,9,truck,truck,00:00:00,TFL
8045,5,5,dog,dog,00:00:00,TFL
8046,8,0,ship,airplane,00:00:00,TFL
8047,0,0,airplane,airplane,00:00:00,TFL
8048,0,2,airplane,bird,00:00:00,TFL
8049,1,1,automobile,automobile,00:00:00,TFL
8050,7,7,horse,horse,00:00:00,TFL
8051,9,9,truck,truck,00:00:00,TFL
8052,7,7,horse,horse,00:00:00,TFL
8053,1,1,automobile,automobile,00:00:00,TFL
8054,9,9,truck,truck,00:00:00,TFL
8055,2,2,bird,bird,00:00:00,TFL
8056,1,1,automobile,automobile,00:00:00,TFL
8057,9,9,truck,truck,00:00:00,TFL
8058,4,4,deer,deer,00:00:00,TFL
8059,3,3,cat,cat,00:00:00,TFL
8060,6,6,frog,frog,00:00:00,TFL
8061,0,0,airplane,airplane,00:00:00,TFL
8062,2,2,bird,bird,00:00:00,TFL
8063,0,0,airplane,airplane,00:00:00,TFL
8064,0,0,airplane,airplane,00:00:00,TFL
8065,9,9,truck,truck,00:00:00,TFL
8066,9,9,truck,truck,00:00:00,TFL
8067,8,8,ship,ship,00:00:00,TFL
8068,9,9,truck,truck,00:00:00,TFL
8069,4,4,deer,deer,00:00:00,TFL
8070,5,5,dog,dog,00:00:00,TFL
8071,4,3,deer,cat,00:00:00,TFL
8072,3,3,cat,cat,00:00:00,TFL
8073,0,0,airplane,airplane,00:00:00,TFL
8074,7,7,horse,horse,00:00:00,TFL
8075,8,8,ship,ship,00:00:00,TFL
8076,7,7,horse,horse,00:00:00,TFL
8077,3,3,cat,cat,00:00:00,TFL
8078,7,5,horse,dog,00:00:00,TFL
8079,5,3,dog,cat,00:00:00,TFL
8080,4,4,deer,deer,00:00:00,TFL
8081,6,6,frog,frog,00:00:00,TFL
8082,5,5,dog,dog,00:00:00,TFL
8083,9,9,truck,truck,00:00:00,TFL
8084,5,5,dog,dog,00:00:00,TFL
8085,2,2,bird,bird,00:00:00,TFL
8086,4,3,deer,cat,00:00:00,TFL
8087,2,2,bird,bird,00:00:00,TFL
8088,7,7,horse,horse,00:00:00,TFL
8089,9,9,truck,truck,00:00:00,TFL
8090,6,6,frog,frog,00:00:00,TFL
8091,7,7,horse,horse,00:00:00,TFL
8092,4,4,deer,deer,00:00:00,TFL
8093,7,7,horse,horse,00:00:00,TFL
8094,1,1,automobile,automobile,00:00:00,TFL
8095,2,2,bird,bird,00:00:00,TFL
8096,3,3,cat,cat,00:00:00,TFL
8097,1,1,automobile,automobile,00:00:00,TFL
8098,1,1,automobile,automobile,00:00:00,TFL
8099,3,3,cat,cat,00:00:00,TFL
8100,6,6,frog,frog,00:00:00,TFL
8101,8,8,ship,ship,00:00:00,TFL
8102,3,7,cat,horse,00:00:00,TFL
8103,7,7,horse,horse,00:00:00,TFL
8104,7,7,horse,horse,00:00:00,TFL
8105,0,0,airplane,airplane,00:00:00,TFL
8106,8,8,ship,ship,00:00:00,TFL
8107,1,1,automobile,automobile,00:00:00,TFL
8108,5,5,dog,dog,00:00:00,TFL
8109,2,2,bird,bird,00:00:00,TFL
8110,5,6,dog,frog,00:00:00,TFL
8111,5,5,dog,dog,00:00:00,TFL
8112,3,6,cat,frog,00:00:00,TFL
8113,6,6,frog,frog,00:00:00,TFL
8114,3,3,cat,cat,00:00:00,TFL
8115,5,3,dog,cat,00:00:00,TFL
8116,9,9,truck,truck,00:00:00,TFL
8117,8,8,ship,ship,00:00:00,TFL
8118,4,4,deer,deer,00:00:00,TFL
8119,6,6,frog,frog,00:00:00,TFL
8120,8,8,ship,ship,00:00:00,TFL
8121,0,0,airplane,airplane,00:00:00,TFL
8122,4,3,deer,cat,00:00:00,TFL
8123,1,1,automobile,automobile,00:00:00,TFL
8124,7,7,horse,horse,00:00:00,TFL
8125,8,8,ship,ship,00:00:00,TFL
8126,4,4,deer,deer,00:00:00,TFL
8127,9,9,truck,truck,00:00:00,TFL
8128,7,4,horse,deer,00:00:00,TFL
8129,2,2,bird,bird,00:00:00,TFL
8130,6,6,frog,frog,00:00:00,TFL
8131,3,3,cat,cat,00:00:00,TFL
8132,8,8,ship,ship,00:00:00,TFL
8133,8,8,ship,ship,00:00:00,TFL
8134,6,6,frog,frog,00:00:00,TFL
8135,7,5,horse,dog,00:00:00,TFL
8136,3,3,cat,cat,00:00:00,TFL
8137,8,0,ship,airplane,00:00:00,TFL
8138,1,1,automobile,automobile,00:00:00,TFL
8139,1,1,automobile,automobile,00:00:00,TFL
8140,5,5,dog,dog,00:00:00,TFL
8141,3,3,cat,cat,00:00:00,TFL
8142,7,7,horse,horse,00:00:00,TFL
8143,9,9,truck,truck,00:00:00,TFL
8144,9,9,truck,truck,00:00:00,TFL
8145,9,0,truck,airplane,00:00:00,TFL
8146,8,8,ship,ship,00:00:00,TFL
8147,5,5,dog,dog,00:00:00,TFL
8148,9,9,truck,truck,00:00:00,TFL
8149,9,9,truck,truck,00:00:00,TFL
8150,6,6,frog,frog,00:00:00,TFL
8151,8,8,ship,ship,00:00:00,TFL
8152,8,8,ship,ship,00:00:00,TFL
8153,4,4,deer,deer,00:00:00,TFL
8154,8,8,ship,ship,00:00:00,TFL
8155,1,1,automobile,automobile,00:00:00,TFL
8156,0,2,airplane,bird,00:00:00,TFL
8157,1,1,automobile,automobile,00:00:00,TFL
8158,8,8,ship,ship,00:00:00,TFL
8159,8,8,ship,ship,00:00:00,TFL
8160,6,6,frog,frog,00:00:00,TFL
8161,5,5,dog,dog,00:00:00,TFL
8162,9,9,truck,truck,00:00:00,TFL
8163,0,0,airplane,airplane,00:00:00,TFL
8164,6,6,frog,frog,00:00:00,TFL
8165,1,1,automobile,automobile,00:00:00,TFL
8166,2,5,bird,dog,00:00:00,TFL
8167,6,6,frog,frog,00:00:00,TFL
8168,6,6,frog,frog,00:00:00,TFL
8169,3,3,cat,cat,00:00:00,TFL
8170,5,5,dog,dog,00:00:00,TFL
8171,6,4,frog,deer,00:00:00,TFL
8172,5,3,dog,cat,00:00:00,TFL
8173,5,3,dog,cat,00:00:00,TFL
8174,3,3,cat,cat,00:00:00,TFL
8175,3,3,cat,cat,00:00:00,TFL
8176,6,6,frog,frog,00:00:00,TFL
8177,8,2,ship,bird,00:00:00,TFL
8178,9,9,truck,truck,00:00:00,TFL
8179,4,4,deer,deer,00:00:00,TFL
8180,4,4,deer,deer,00:00:00,TFL
8181,3,3,cat,cat,00:00:00,TFL
8182,8,8,ship,ship,00:00:00,TFL
8183,3,5,cat,dog,00:00:00,TFL
8184,6,6,frog,frog,00:00:00,TFL
8185,0,0,airplane,airplane,00:00:00,TFL
8186,8,8,ship,ship,00:00:00,TFL
8187,5,5,dog,dog,00:00:00,TFL
8188,7,7,horse,horse,00:00:00,TFL
8189,8,8,ship,ship,00:00:00,TFL
8190,4,4,deer,deer,00:00:00,TFL
8191,6,6,frog,frog,00:00:00,TFL
8192,5,5,dog,dog,00:00:00,TFL
8193,3,3,cat,cat,00:00:00,TFL
8194,1,1,automobile,automobile,00:00:00,TFL
8195,8,8,ship,ship,00:00:00,TFL
8196,3,7,cat,horse,00:00:00,TFL
8197,0,8,airplane,ship,00:00:00,TFL
8198,4,4,deer,deer,00:00:00,TFL
8199,4,9,deer,truck,00:00:00,TFL
8200,3,0,cat,airplane,00:00:00,TFL
8201,3,3,cat,cat,00:00:00,TFL
8202,5,3,dog,cat,00:00:00,TFL
8203,3,3,cat,cat,00:00:00,TFL
8204,3,3,cat,cat,00:00:00,TFL
8205,2,2,bird,bird,00:00:00,TFL
8206,7,7,horse,horse,00:00:00,TFL
8207,7,7,horse,horse,00:00:00,TFL
8208,8,8,ship,ship,00:00:00,TFL
8209,2,4,bird,deer,00:00:00,TFL
8210,0,0,airplane,airplane,00:00:00,TFL
8211,5,5,dog,dog,00:00:00,TFL
8212,5,3,dog,cat,00:00:00,TFL
8213,6,6,frog,frog,00:00:00,TFL
8214,1,1,automobile,automobile,00:00:00,TFL
8215,1,1,automobile,automobile,00:00:00,TFL
8216,3,3,cat,cat,00:00:00,TFL
8217,9,9,truck,truck,00:00:00,TFL
8218,9,9,truck,truck,00:00:00,TFL
8219,3,5,cat,dog,00:00:00,TFL
8220,6,6,frog,frog,00:00:00,TFL
8221,7,7,horse,horse,00:00:00,TFL
8222,1,0,automobile,airplane,00:00:00,TFL
8223,8,8,ship,ship,00:00:00,TFL
8224,3,3,cat,cat,00:00:00,TFL
8225,9,0,truck,airplane,00:00:00,TFL
8226,8,9,ship,truck,00:00:00,TFL
8227,7,7,horse,horse,00:00:00,TFL
8228,8,8,ship,ship,00:00:00,TFL
8229,8,8,ship,ship,00:00:00,TFL
8230,0,0,airplane,airplane,00:00:00,TFL
8231,3,3,cat,cat,00:00:00,TFL
8232,2,2,bird,bird,00:00:00,TFL
8233,4,4,deer,deer,00:00:00,TFL
8234,8,1,ship,automobile,00:00:00,TFL
8235,7,7,horse,horse,00:00:00,TFL
8236,5,3,dog,cat,00:00:00,TFL
8237,7,7,horse,horse,00:00:00,TFL
8238,1,1,automobile,automobile,00:00:00,TFL
8239,8,8,ship,ship,00:00:00,TFL
8240,7,7,horse,horse,00:00:00,TFL
8241,3,3,cat,cat,00:00:00,TFL
8242,5,5,dog,dog,00:00:00,TFL
8243,4,4,deer,deer,00:00:00,TFL
8244,4,4,deer,deer,00:00:00,TFL
8245,3,5,cat,dog,00:00:00,TFL
8246,8,8,ship,ship,00:00:00,TFL
8247,6,6,frog,frog,00:00:00,TFL
8248,1,1,automobile,automobile,00:00:00,TFL
8249,1,1,automobile,automobile,00:00:00,TFL
8250,6,6,frog,frog,00:00:00,TFL
8251,3,3,cat,cat,00:00:00,TFL
8252,2,2,bird,bird,00:00:00,TFL
8253,2,2,bird,bird,00:00:00,TFL
8254,8,0,ship,airplane,00:00:00,TFL
8255,9,9,truck,truck,00:00:00,TFL
8256,8,8,ship,ship,00:00:00,TFL
8257,3,4,cat,deer,00:00:00,TFL
8258,3,3,cat,cat,00:00:00,TFL
8259,8,8,ship,ship,00:00:00,TFL
8260,1,1,automobile,automobile,00:00:00,TFL
8261,1,1,automobile,automobile,00:00:00,TFL
8262,0,0,airplane,airplane,00:00:00,TFL
8263,5,5,dog,dog,00:00:00,TFL
8264,2,2,bird,bird,00:00:00,TFL
8265,0,0,airplane,airplane,00:00:00,TFL
8266,5,5,dog,dog,00:00:00,TFL
8267,0,0,airplane,airplane,00:00:00,TFL
8268,5,5,dog,dog,00:00:00,TFL
8269,8,8,ship,ship,00:00:00,TFL
8270,6,6,frog,frog,00:00:00,TFL
8271,3,3,cat,cat,00:00:00,TFL
8272,9,1,truck,automobile,00:00:00,TFL
8273,6,6,frog,frog,00:00:00,TFL
8274,6,6,frog,frog,00:00:00,TFL
8275,3,3,cat,cat,00:00:00,TFL
8276,9,0,truck,airplane,00:00:00,TFL
8277,4,4,deer,deer,00:00:00,TFL
8278,8,8,ship,ship,00:00:00,TFL
8279,3,3,cat,cat,00:00:00,TFL
8280,4,3,deer,cat,00:00:00,TFL
8281,3,3,cat,cat,00:00:00,TFL
8282,1,1,automobile,automobile,00:00:00,TFL
8283,1,1,automobile,automobile,00:00:00,TFL
8284,2,2,bird,bird,00:00:00,TFL
8285,9,9,truck,truck,00:00:00,TFL
8286,7,5,horse,dog,00:00:00,TFL
8287,8,8,ship,ship,00:00:00,TFL
8288,5,5,dog,dog,00:00:00,TFL
8289,5,5,dog,dog,00:00:00,TFL
8290,8,8,ship,ship,00:00:00,TFL
8291,6,4,frog,deer,00:00:00,TFL
8292,9,9,truck,truck,00:00:00,TFL
8293,0,0,airplane,airplane,00:00:00,TFL
8294,8,8,ship,ship,00:00:00,TFL
8295,3,0,cat,airplane,00:00:00,TFL
8296,5,3,dog,cat,00:00:00,TFL
8297,1,1,automobile,automobile,00:00:00,TFL
8298,3,2,cat,bird,00:00:00,TFL
8299,3,3,cat,cat,00:00:00,TFL
8300,5,7,dog,horse,00:00:00,TFL
8301,5,5,dog,dog,00:00:00,TFL
8302,3,3,cat,cat,00:00:00,TFL
8303,8,0,ship,airplane,00:00:00,TFL
8304,1,9,automobile,truck,00:00:00,TFL
8305,4,3,deer,cat,00:00:00,TFL
8306,6,6,frog,frog,00:00:00,TFL
8307,4,4,deer,deer,00:00:00,TFL
8308,2,5,bird,dog,00:00:00,TFL
8309,4,4,deer,deer,00:00:00,TFL
8310,3,3,cat,cat,00:00:00,TFL
8311,8,8,ship,ship,00:00:00,TFL
8312,9,9,truck,truck,00:00:00,TFL
8313,6,6,frog,frog,00:00:00,TFL
8314,6,6,frog,frog,00:00:00,TFL
8315,6,6,frog,frog,00:00:00,TFL
8316,5,5,dog,dog,00:00:00,TFL
8317,5,5,dog,dog,00:00:00,TFL
8318,2,2,bird,bird,00:00:00,TFL
8319,7,7,horse,horse,00:00:00,TFL
8320,7,7,horse,horse,00:00:00,TFL
8321,4,4,deer,deer,00:00:00,TFL
8322,4,4,deer,deer,00:00:00,TFL
8323,9,9,truck,truck,00:00:00,TFL
8324,3,3,cat,cat,00:00:00,TFL
8325,8,8,ship,ship,00:00:00,TFL
8326,3,5,cat,dog,00:00:00,TFL
8327,7,7,horse,horse,00:00:00,TFL
8328,7,7,horse,horse,00:00:00,TFL
8329,8,8,ship,ship,00:00:00,TFL
8330,5,5,dog,dog,00:00:00,TFL
8331,3,3,cat,cat,00:00:00,TFL
8332,9,9,truck,truck,00:00:00,TFL
8333,1,1,automobile,automobile,00:00:00,TFL
8334,6,6,frog,frog,00:00:00,TFL
8335,7,5,horse,dog,00:00:00,TFL
8336,3,3,cat,cat,00:00:00,TFL
8337,3,3,cat,cat,00:00:00,TFL
8338,3,3,cat,cat,00:00:00,TFL
8339,8,8,ship,ship,00:00:00,TFL
8340,5,5,dog,dog,00:00:00,TFL
8341,6,6,frog,frog,00:00:00,TFL
8342,1,1,automobile,automobile,00:00:00,TFL
8343,3,3,cat,cat,00:00:00,TFL
8344,7,7,horse,horse,00:00:00,TFL
8345,9,9,truck,truck,00:00:00,TFL
8346,6,3,frog,cat,00:00:00,TFL
8347,1,1,automobile,automobile,00:00:00,TFL
8348,6,3,frog,cat,00:00:00,TFL
8349,4,4,deer,deer,00:00:00,TFL
8350,9,9,truck,truck,00:00:00,TFL
8351,0,0,airplane,airplane,00:00:00,TFL
8352,5,5,dog,dog,00:00:00,TFL
8353,7,7,horse,horse,00:00:00,TFL
8354,4,4,deer,deer,00:00:00,TFL
8355,9,9,truck,truck,00:00:00,TFL
8356,1,1,automobile,automobile,00:00:00,TFL
8357,0,6,airplane,frog,00:00:00,TFL
8358,0,0,airplane,airplane,00:00:00,TFL
8359,2,2,bird,bird,00:00:00,TFL
8360,7,7,horse,horse,00:00:00,TFL
8361,8,8,ship,ship,00:00:00,TFL
8362,3,5,cat,dog,00:00:00,TFL
8363,2,3,bird,cat,00:00:00,TFL
8364,7,4,horse,deer,00:00:00,TFL
8365,6,6,frog,frog,00:00:00,TFL
8366,1,1,automobile,automobile,00:00:00,TFL
8367,6,6,frog,frog,00:00:00,TFL
8368,6,6,frog,frog,00:00:00,TFL
8369,4,4,deer,deer,00:00:00,TFL
8370,4,6,deer,frog,00:00:00,TFL
8371,2,1,bird,automobile,00:00:00,TFL
8372,1,1,automobile,automobile,00:00:00,TFL
8373,8,8,ship,ship,00:00:00,TFL
8374,4,4,deer,deer,00:00:00,TFL
8375,4,4,deer,deer,00:00:00,TFL
8376,7,7,horse,horse,00:00:00,TFL
8377,8,8,ship,ship,00:00:00,TFL
8378,5,5,dog,dog,00:00:00,TFL
8379,8,8,ship,ship,00:00:00,TFL
8380,9,9,truck,truck,00:00:00,TFL
8381,4,4,deer,deer,00:00:00,TFL
8382,3,3,cat,cat,00:00:00,TFL
8383,2,2,bird,bird,00:00:00,TFL
8384,2,2,bird,bird,00:00:00,TFL
8385,9,1,truck,automobile,00:00:00,TFL
8386,3,3,cat,cat,00:00:00,TFL
8387,0,8,airplane,ship,00:00:00,TFL
8388,1,1,automobile,automobile,00:00:00,TFL
8389,1,1,automobile,automobile,00:00:00,TFL
8390,1,1,automobile,automobile,00:00:00,TFL
8391,1,1,automobile,automobile,00:00:00,TFL
8392,6,6,frog,frog,00:00:00,TFL
8393,8,8,ship,ship,00:00:00,TFL
8394,7,7,horse,horse,00:00:00,TFL
8395,1,1,automobile,automobile,00:00:00,TFL
8396,3,3,cat,cat,00:00:00,TFL
8397,0,2,airplane,bird,00:00:00,TFL
8398,4,4,deer,deer,00:00:00,TFL
8399,5,5,dog,dog,00:00:00,TFL
8400,0,0,airplane,airplane,00:00:00,TFL
8401,3,5,cat,dog,00:00:00,TFL
8402,0,0,airplane,airplane,00:00:00,TFL
8403,6,6,frog,frog,00:00:00,TFL
8404,2,2,bird,bird,00:00:00,TFL
8405,0,6,airplane,frog,00:00:00,TFL
8406,9,9,truck,truck,00:00:00,TFL
8407,8,8,ship,ship,00:00:00,TFL
8408,6,2,frog,bird,00:00:00,TFL
8409,8,8,ship,ship,00:00:00,TFL
8410,5,3,dog,cat,00:00:00,TFL
8411,8,8,ship,ship,00:00:00,TFL
8412,2,2,bird,bird,00:00:00,TFL
8413,9,9,truck,truck,00:00:00,TFL
8414,6,6,frog,frog,00:00:00,TFL
8415,0,0,airplane,airplane,00:00:00,TFL
8416,6,6,frog,frog,00:00:00,TFL
8417,1,1,automobile,automobile,00:00:00,TFL
8418,8,8,ship,ship,00:00:00,TFL
8419,7,7,horse,horse,00:00:00,TFL
8420,3,3,cat,cat,00:00:00,TFL
8421,2,2,bird,bird,00:00:00,TFL
8422,2,2,bird,bird,00:00:00,TFL
8423,6,6,frog,frog,00:00:00,TFL
8424,5,5,dog,dog,00:00:00,TFL
8425,6,6,frog,frog,00:00:00,TFL
8426,9,9,truck,truck,00:00:00,TFL
8427,2,2,bird,bird,00:00:00,TFL
8428,5,5,dog,dog,00:00:00,TFL
8429,4,4,deer,deer,00:00:00,TFL
8430,9,9,truck,truck,00:00:00,TFL
8431,8,8,ship,ship,00:00:00,TFL
8432,5,5,dog,dog,00:00:00,TFL
8433,3,3,cat,cat,00:00:00,TFL
8434,9,9,truck,truck,00:00:00,TFL
8435,3,3,cat,cat,00:00:00,TFL
8436,5,5,dog,dog,00:00:00,TFL
8437,7,4,horse,deer,00:00:00,TFL
8438,1,1,automobile,automobile,00:00:00,TFL
8439,8,8,ship,ship,00:00:00,TFL
8440,5,5,dog,dog,00:00:00,TFL
8441,8,8,ship,ship,00:00:00,TFL
8442,6,6,frog,frog,00:00:00,TFL
8443,2,4,bird,deer,00:00:00,TFL
8444,5,5,dog,dog,00:00:00,TFL
8445,1,1,automobile,automobile,00:00:00,TFL
8446,3,3,cat,cat,00:00:00,TFL
8447,0,4,airplane,deer,00:00:00,TFL
8448,4,3,deer,cat,00:00:00,TFL
8449,1,1,automobile,automobile,00:00:00,TFL
8450,9,9,truck,truck,00:00:00,TFL
8451,5,3,dog,cat,00:00:00,TFL
8452,4,4,deer,deer,00:00:00,TFL
8453,9,9,truck,truck,00:00:00,TFL
8454,2,7,bird,horse,00:00:00,TFL
8455,1,1,automobile,automobile,00:00:00,TFL
8456,4,4,deer,deer,00:00:00,TFL
8457,2,4,bird,deer,00:00:00,TFL
8458,5,5,dog,dog,00:00:00,TFL
8459,9,9,truck,truck,00:00:00,TFL
8460,8,8,ship,ship,00:00:00,TFL
8461,7,7,horse,horse,00:00:00,TFL
8462,2,2,bird,bird,00:00:00,TFL
8463,1,1,automobile,automobile,00:00:00,TFL
8464,6,6,frog,frog,00:00:00,TFL
8465,9,9,truck,truck,00:00:00,TFL
8466,7,7,horse,horse,00:00:00,TFL
8467,3,3,cat,cat,00:00:00,TFL
8468,6,6,frog,frog,00:00:00,TFL
8469,5,0,dog,airplane,00:00:00,TFL
8470,8,8,ship,ship,00:00:00,TFL
8471,0,8,airplane,ship,00:00:00,TFL
8472,2,2,bird,bird,00:00:00,TFL
8473,2,2,bird,bird,00:00:00,TFL
8474,4,4,deer,deer,00:00:00,TFL
8475,9,9,truck,truck,00:00:00,TFL
8476,0,4,airplane,deer,00:00:00,TFL
8477,5,5,dog,dog,00:00:00,TFL
8478,5,5,dog,dog,00:00:00,TFL
8479,4,4,deer,deer,00:00:00,TFL
8480,2,5,bird,dog,00:00:00,TFL
8481,3,3,cat,cat,00:00:00,TFL
8482,1,1,automobile,automobile,00:00:00,TFL
8483,0,0,airplane,airplane,00:00:00,TFL
8484,3,1,cat,automobile,00:00:00,TFL
8485,0,0,airplane,airplane,00:00:00,TFL
8486,4,4,deer,deer,00:00:00,TFL
8487,4,2,deer,bird,00:00:00,TFL
8488,9,9,truck,truck,00:00:00,TFL
8489,1,1,automobile,automobile,00:00:00,TFL
8490,3,5,cat,dog,00:00:00,TFL
8491,3,7,cat,horse,00:00:00,TFL
8492,0,0,airplane,airplane,00:00:00,TFL
8493,2,2,bird,bird,00:00:00,TFL
8494,1,2,automobile,bird,00:00:00,TFL
8495,1,1,automobile,automobile,00:00:00,TFL
8496,0,0,airplane,airplane,00:00:00,TFL
8497,4,4,deer,deer,00:00:00,TFL
8498,1,1,automobile,automobile,00:00:00,TFL
8499,9,9,truck,truck,00:00:00,TFL
8500,4,4,deer,deer,00:00:00,TFL
8501,8,8,ship,ship,00:00:00,TFL
8502,1,1,automobile,automobile,00:00:00,TFL
8503,1,1,automobile,automobile,00:00:00,TFL
8504,1,1,automobile,automobile,00:00:00,TFL
8505,5,5,dog,dog,00:00:00,TFL
8506,9,9,truck,truck,00:00:00,TFL
8507,8,8,ship,ship,00:00:00,TFL
8508,1,1,automobile,automobile,00:00:00,TFL
8509,6,6,frog,frog,00:00:00,TFL
8510,7,7,horse,horse,00:00:00,TFL
8511,2,6,bird,frog,00:00:00,TFL
8512,9,9,truck,truck,00:00:00,TFL
8513,9,9,truck,truck,00:00:00,TFL
8514,7,3,horse,cat,00:00:00,TFL
8515,8,8,ship,ship,00:00:00,TFL
8516,8,8,ship,ship,00:00:00,TFL
8517,1,1,automobile,automobile,00:00:00,TFL
8518,9,9,truck,truck,00:00:00,TFL
8519,7,7,horse,horse,00:00:00,TFL
8520,8,8,ship,ship,00:00:00,TFL
8521,9,8,truck,ship,00:00:00,TFL
8522,1,1,automobile,automobile,00:00:00,TFL
8523,6,6,frog,frog,00:00:00,TFL
8524,6,3,frog,cat,00:00:00,TFL
8525,3,3,cat,cat,00:00:00,TFL
8526,3,3,cat,cat,00:00:00,TFL
8527,1,1,automobile,automobile,00:00:00,TFL
8528,3,3,cat,cat,00:00:00,TFL
8529,0,1,airplane,automobile,00:00:00,TFL
8530,8,8,ship,ship,00:00:00,TFL
8531,8,8,ship,ship,00:00:00,TFL
8532,3,4,cat,deer,00:00:00,TFL
8533,6,6,frog,frog,00:00:00,TFL
8534,6,6,frog,frog,00:00:00,TFL
8535,7,5,horse,dog,00:00:00,TFL
8536,1,9,automobile,truck,00:00:00,TFL
8537,0,0,airplane,airplane,00:00:00,TFL
8538,7,7,horse,horse,00:00:00,TFL
8539,6,6,frog,frog,00:00:00,TFL
8540,4,4,deer,deer,00:00:00,TFL
8541,8,8,ship,ship,00:00:00,TFL
8542,2,7,bird,horse,00:00:00,TFL
8543,0,0,airplane,airplane,00:00:00,TFL
8544,6,6,frog,frog,00:00:00,TFL
8545,6,6,frog,frog,00:00:00,TFL
8546,8,8,ship,ship,00:00:00,TFL
8547,6,6,frog,frog,00:00:00,TFL
8548,3,5,cat,dog,00:00:00,TFL
8549,1,1,automobile,automobile,00:00:00,TFL
8550,1,1,automobile,automobile,00:00:00,TFL
8551,8,8,ship,ship,00:00:00,TFL
8552,6,6,frog,frog,00:00:00,TFL
8553,7,4,horse,deer,00:00:00,TFL
8554,0,0,airplane,airplane,00:00:00,TFL
8555,5,5,dog,dog,00:00:00,TFL
8556,4,4,deer,deer,00:00:00,TFL
8557,3,3,cat,cat,00:00:00,TFL
8558,2,2,bird,bird,00:00:00,TFL
8559,1,1,automobile,automobile,00:00:00,TFL
8560,7,7,horse,horse,00:00:00,TFL
8561,8,8,ship,ship,00:00:00,TFL
8562,2,6,bird,frog,00:00:00,TFL
8563,0,0,airplane,airplane,00:00:00,TFL
8564,1,1,automobile,automobile,00:00:00,TFL
8565,7,7,horse,horse,00:00:00,TFL
8566,4,0,deer,airplane,00:00:00,TFL
8567,8,8,ship,ship,00:00:00,TFL
8568,7,7,horse,horse,00:00:00,TFL
8569,6,3,frog,cat,00:00:00,TFL
8570,6,6,frog,frog,00:00:00,TFL
8571,7,7,horse,horse,00:00:00,TFL
8572,0,0,airplane,airplane,00:00:00,TFL
8573,6,0,frog,airplane,00:00:00,TFL
8574,4,4,deer,deer,00:00:00,TFL
8575,9,9,truck,truck,00:00:00,TFL
8576,2,4,bird,deer,00:00:00,TFL
8577,3,6,cat,frog,00:00:00,TFL
8578,2,5,bird,dog,00:00:00,TFL
8579,1,1,automobile,automobile,00:00:00,TFL
8580,3,5,cat,dog,00:00:00,TFL
8581,8,8,ship,ship,00:00:00,TFL
8582,6,6,frog,frog,00:00:00,TFL
8583,8,8,ship,ship,00:00:00,TFL
8584,1,1,automobile,automobile,00:00:00,TFL
8585,9,9,truck,truck,00:00:00,TFL
8586,6,4,frog,deer,00:00:00,TFL
8587,7,7,horse,horse,00:00:00,TFL
8588,6,6,frog,frog,00:00:00,TFL
8589,5,5,dog,dog,00:00:00,TFL
8590,0,0,airplane,airplane,00:00:00,TFL
8591,6,6,frog,frog,00:00:00,TFL
8592,0,0,airplane,airplane,00:00:00,TFL
8593,1,1,automobile,automobile,00:00:00,TFL
8594,3,3,cat,cat,00:00:00,TFL
8595,1,1,automobile,automobile,00:00:00,TFL
8596,1,1,automobile,automobile,00:00:00,TFL
8597,5,5,dog,dog,00:00:00,TFL
8598,3,3,cat,cat,00:00:00,TFL
8599,4,4,deer,deer,00:00:00,TFL
8600,3,3,cat,cat,00:00:00,TFL
8601,3,3,cat,cat,00:00:00,TFL
8602,8,8,ship,ship,00:00:00,TFL
8603,1,1,automobile,automobile,00:00:00,TFL
8604,6,6,frog,frog,00:00:00,TFL
8605,6,6,frog,frog,00:00:00,TFL
8606,1,1,automobile,automobile,00:00:00,TFL
8607,8,8,ship,ship,00:00:00,TFL
8608,8,9,ship,truck,00:00:00,TFL
8609,6,6,frog,frog,00:00:00,TFL
8610,2,2,bird,bird,00:00:00,TFL
8611,7,7,horse,horse,00:00:00,TFL
8612,4,4,deer,deer,00:00:00,TFL
8613,6,3,frog,cat,00:00:00,TFL
8614,8,8,ship,ship,00:00:00,TFL
8615,9,9,truck,truck,00:00:00,TFL
8616,3,4,cat,deer,00:00:00,TFL
8617,3,3,cat,cat,00:00:00,TFL
8618,5,5,dog,dog,00:00:00,TFL
8619,5,7,dog,horse,00:00:00,TFL
8620,3,3,cat,cat,00:00:00,TFL
8621,1,1,automobile,automobile,00:00:00,TFL
8622,4,4,deer,deer,00:00:00,TFL
8623,1,1,automobile,automobile,00:00:00,TFL
8624,9,9,truck,truck,00:00:00,TFL
8625,5,5,dog,dog,00:00:00,TFL
8626,1,1,automobile,automobile,00:00:00,TFL
8627,7,7,horse,horse,00:00:00,TFL
8628,7,7,horse,horse,00:00:00,TFL
8629,7,3,horse,cat,00:00:00,TFL
8630,5,5,dog,dog,00:00:00,TFL
8631,2,2,bird,bird,00:00:00,TFL
8632,3,3,cat,cat,00:00:00,TFL
8633,3,3,cat,cat,00:00:00,TFL
8634,6,5,frog,dog,00:00:00,TFL
8635,6,6,frog,frog,00:00:00,TFL
8636,6,6,frog,frog,00:00:00,TFL
8637,4,4,deer,deer,00:00:00,TFL
8638,0,0,airplane,airplane,00:00:00,TFL
8639,7,7,horse,horse,00:00:00,TFL
8640,1,1,automobile,automobile,00:00:00,TFL
8641,7,4,horse,deer,00:00:00,TFL
8642,3,6,cat,frog,00:00:00,TFL
8643,0,0,airplane,airplane,00:00:00,TFL
8644,8,0,ship,airplane,00:00:00,TFL
8645,1,1,automobile,automobile,00:00:00,TFL
8646,2,4,bird,deer,00:00:00,TFL
8647,4,4,deer,deer,00:00:00,TFL
8648,1,1,automobile,automobile,00:00:00,TFL
8649,2,2,bird,bird,00:00:00,TFL
8650,2,5,bird,dog,00:00:00,TFL
8651,4,4,deer,deer,00:00:00,TFL
8652,9,9,truck,truck,00:00:00,TFL
8653,8,8,ship,ship,00:00:00,TFL
8654,2,2,bird,bird,00:00:00,TFL
8655,8,8,ship,ship,00:00:00,TFL
8656,7,7,horse,horse,00:00:00,TFL
8657,6,6,frog,frog,00:00:00,TFL
8658,3,3,cat,cat,00:00:00,TFL
8659,4,4,deer,deer,00:00:00,TFL
8660,7,5,horse,dog,00:00:00,TFL
8661,2,2,bird,bird,00:00:00,TFL
8662,3,3,cat,cat,00:00:00,TFL
8663,1,1,automobile,automobile,00:00:00,TFL
8664,5,5,dog,dog,00:00:00,TFL
8665,3,3,cat,cat,00:00:00,TFL
8666,0,8,airplane,ship,00:00:00,TFL
8667,4,4,deer,deer,00:00:00,TFL
8668,3,3,cat,cat,00:00:00,TFL
8669,4,4,deer,deer,00:00:00,TFL
8670,9,9,truck,truck,00:00:00,TFL
8671,4,4,deer,deer,00:00:00,TFL
8672,7,3,horse,cat,00:00:00,TFL
8673,9,9,truck,truck,00:00:00,TFL
8674,1,1,automobile,automobile,00:00:00,TFL
8675,7,7,horse,horse,00:00:00,TFL
8676,8,8,ship,ship,00:00:00,TFL
8677,3,3,cat,cat,00:00:00,TFL
8678,1,1,automobile,automobile,00:00:00,TFL
8679,8,8,ship,ship,00:00:00,TFL
8680,3,3,cat,cat,00:00:00,TFL
8681,2,4,bird,deer,00:00:00,TFL
8682,5,5,dog,dog,00:00:00,TFL
8683,7,7,horse,horse,00:00:00,TFL
8684,2,2,bird,bird,00:00:00,TFL
8685,7,7,horse,horse,00:00:00,TFL
8686,9,9,truck,truck,00:00:00,TFL
8687,6,6,frog,frog,00:00:00,TFL
8688,8,8,ship,ship,00:00:00,TFL
8689,6,6,frog,frog,00:00:00,TFL
8690,8,8,ship,ship,00:00:00,TFL
8691,6,0,frog,airplane,00:00:00,TFL
8692,5,5,dog,dog,00:00:00,TFL
8693,9,9,truck,truck,00:00:00,TFL
8694,0,0,airplane,airplane,00:00:00,TFL
8695,4,4,deer,deer,00:00:00,TFL
8696,8,9,ship,truck,00:00:00,TFL
8697,5,5,dog,dog,00:00:00,TFL
8698,6,6,frog,frog,00:00:00,TFL
8699,4,5,deer,dog,00:00:00,TFL
8700,3,5,cat,dog,00:00:00,TFL
8701,8,8,ship,ship,00:00:00,TFL
8702,0,8,airplane,ship,00:00:00,TFL
8703,4,6,deer,frog,00:00:00,TFL
8704,8,8,ship,ship,00:00:00,TFL
8705,6,6,frog,frog,00:00:00,TFL
8706,7,7,horse,horse,00:00:00,TFL
8707,2,2,bird,bird,00:00:00,TFL
8708,7,2,horse,bird,00:00:00,TFL
8709,1,1,automobile,automobile,00:00:00,TFL
8710,7,7,horse,horse,00:00:00,TFL
8711,4,4,deer,deer,00:00:00,TFL
8712,1,1,automobile,automobile,00:00:00,TFL
8713,2,2,bird,bird,00:00:00,TFL
8714,4,4,deer,deer,00:00:00,TFL
8715,2,2,bird,bird,00:00:00,TFL
8716,2,2,bird,bird,00:00:00,TFL
8717,8,8,ship,ship,00:00:00,TFL
8718,7,7,horse,horse,00:00:00,TFL
8719,2,2,bird,bird,00:00:00,TFL
8720,2,0,bird,airplane,00:00:00,TFL
8721,6,3,frog,cat,00:00:00,TFL
8722,7,3,horse,cat,00:00:00,TFL
8723,5,7,dog,horse,00:00:00,TFL
8724,6,6,frog,frog,00:00:00,TFL
8725,8,8,ship,ship,00:00:00,TFL
8726,9,9,truck,truck,00:00:00,TFL
8727,9,9,truck,truck,00:00:00,TFL
8728,6,5,frog,dog,00:00:00,TFL
8729,5,3,dog,cat,00:00:00,TFL
8730,2,4,bird,deer,00:00:00,TFL
8731,9,9,truck,truck,00:00:00,TFL
8732,8,1,ship,automobile,00:00:00,TFL
8733,7,7,horse,horse,00:00:00,TFL
8734,2,2,bird,bird,00:00:00,TFL
8735,3,3,cat,cat,00:00:00,TFL
8736,3,3,cat,cat,00:00:00,TFL
8737,7,7,horse,horse,00:00:00,TFL
8738,4,4,deer,deer,00:00:00,TFL
8739,3,3,cat,cat,00:00:00,TFL
8740,2,2,bird,bird,00:00:00,TFL
8741,1,1,automobile,automobile,00:00:00,TFL
8742,9,9,truck,truck,00:00:00,TFL
8743,0,8,airplane,ship,00:00:00,TFL
8744,1,1,automobile,automobile,00:00:00,TFL
8745,5,5,dog,dog,00:00:00,TFL
8746,3,3,cat,cat,00:00:00,TFL
8747,2,2,bird,bird,00:00:00,TFL
8748,6,6,frog,frog,00:00:00,TFL
8749,5,0,dog,airplane,00:00:00,TFL
8750,9,9,truck,truck,00:00:00,TFL
8751,1,1,automobile,automobile,00:00:00,TFL
8752,5,5,dog,dog,00:00:00,TFL
8753,4,4,deer,deer,00:00:00,TFL
8754,3,3,cat,cat,00:00:00,TFL
8755,6,6,frog,frog,00:00:00,TFL
8756,2,2,bird,bird,00:00:00,TFL
8757,8,4,ship,deer,00:00:00,TFL
8758,9,9,truck,truck,00:00:00,TFL
8759,7,7,horse,horse,00:00:00,TFL
8760,8,8,ship,ship,00:00:00,TFL
8761,0,0,airplane,airplane,00:00:00,TFL
8762,8,8,ship,ship,00:00:00,TFL
8763,9,9,truck,truck,00:00:00,TFL
8764,1,1,automobile,automobile,00:00:00,TFL
8765,2,2,bird,bird,00:00:00,TFL
8766,5,5,dog,dog,00:00:00,TFL
8767,7,7,horse,horse,00:00:00,TFL
8768,2,2,bird,bird,00:00:00,TFL
8769,0,0,airplane,airplane,00:00:00,TFL
8770,6,3,frog,cat,00:00:00,TFL
8771,6,6,frog,frog,00:00:00,TFL
8772,1,1,automobile,automobile,00:00:00,TFL
8773,6,6,frog,frog,00:00:00,TFL
8774,3,4,cat,deer,00:00:00,TFL
8775,1,1,automobile,automobile,00:00:00,TFL
8776,5,5,dog,dog,00:00:00,TFL
8777,0,0,airplane,airplane,00:00:00,TFL
8778,3,4,cat,deer,00:00:00,TFL
8779,7,5,horse,dog,00:00:00,TFL
8780,4,4,deer,deer,00:00:00,TFL
8781,6,6,frog,frog,00:00:00,TFL
8782,5,5,dog,dog,00:00:00,TFL
8783,6,6,frog,frog,00:00:00,TFL
8784,4,4,deer,deer,00:00:00,TFL
8785,8,8,ship,ship,00:00:00,TFL
8786,3,3,cat,cat,00:00:00,TFL
8787,4,4,deer,deer,00:00:00,TFL
8788,5,5,dog,dog,00:00:00,TFL
8789,5,5,dog,dog,00:00:00,TFL
8790,0,3,airplane,cat,00:00:00,TFL
8791,6,6,frog,frog,00:00:00,TFL
8792,6,6,frog,frog,00:00:00,TFL
8793,7,7,horse,horse,00:00:00,TFL
8794,5,3,dog,cat,00:00:00,TFL
8795,0,0,airplane,airplane,00:00:00,TFL
8796,9,9,truck,truck,00:00:00,TFL
8797,9,9,truck,truck,00:00:00,TFL
8798,6,6,frog,frog,00:00:00,TFL
8799,1,1,automobile,automobile,00:00:00,TFL
8800,0,0,airplane,airplane,00:00:00,TFL
8801,4,4,deer,deer,00:00:00,TFL
8802,6,6,frog,frog,00:00:00,TFL
8803,3,7,cat,horse,00:00:00,TFL
8804,6,3,frog,cat,00:00:00,TFL
8805,9,9,truck,truck,00:00:00,TFL
8806,3,6,cat,frog,00:00:00,TFL
8807,6,6,frog,frog,00:00:00,TFL
8808,6,6,frog,frog,00:00:00,TFL
8809,8,8,ship,ship,00:00:00,TFL
8810,2,2,bird,bird,00:00:00,TFL
8811,1,1,automobile,automobile,00:00:00,TFL
8812,0,0,airplane,airplane,00:00:00,TFL
8813,1,1,automobile,automobile,00:00:00,TFL
8814,9,9,truck,truck,00:00:00,TFL
8815,3,2,cat,bird,00:00:00,TFL
8816,7,4,horse,deer,00:00:00,TFL
8817,4,3,deer,cat,00:00:00,TFL
8818,3,3,cat,cat,00:00:00,TFL
8819,0,0,airplane,airplane,00:00:00,TFL
8820,2,2,bird,bird,00:00:00,TFL
8821,7,7,horse,horse,00:00:00,TFL
8822,6,6,frog,frog,00:00:00,TFL
8823,4,7,deer,horse,00:00:00,TFL
8824,3,3,cat,cat,00:00:00,TFL
8825,0,1,airplane,automobile,00:00:00,TFL
8826,8,8,ship,ship,00:00:00,TFL
8827,2,2,bird,bird,00:00:00,TFL
8828,0,7,airplane,horse,00:00:00,TFL
8829,0,0,airplane,airplane,00:00:00,TFL
8830,9,9,truck,truck,00:00:00,TFL
8831,6,6,frog,frog,00:00:00,TFL
8832,6,6,frog,frog,00:00:00,TFL
8833,6,6,frog,frog,00:00:00,TFL
8834,8,8,ship,ship,00:00:00,TFL
8835,7,7,horse,horse,00:00:00,TFL
8836,4,4,deer,deer,00:00:00,TFL
8837,1,1,automobile,automobile,00:00:00,TFL
8838,8,8,ship,ship,00:00:00,TFL
8839,1,1,automobile,automobile,00:00:00,TFL
8840,2,3,bird,cat,00:00:00,TFL
8841,2,2,bird,bird,00:00:00,TFL
8842,4,4,deer,deer,00:00:00,TFL
8843,8,8,ship,ship,00:00:00,TFL
8844,5,5,dog,dog,00:00:00,TFL
8845,2,2,bird,bird,00:00:00,TFL
8846,6,6,frog,frog,00:00:00,TFL
8847,5,4,dog,deer,00:00:00,TFL
8848,3,7,cat,horse,00:00:00,TFL
8849,9,9,truck,truck,00:00:00,TFL
8850,1,9,automobile,truck,00:00:00,TFL
8851,0,0,airplane,airplane,00:00:00,TFL
8852,7,7,horse,horse,00:00:00,TFL
8853,2,2,bird,bird,00:00:00,TFL
8854,4,4,deer,deer,00:00:00,TFL
8855,4,3,deer,cat,00:00:00,TFL
8856,0,0,airplane,airplane,00:00:00,TFL
8857,0,0,airplane,airplane,00:00:00,TFL
8858,6,6,frog,frog,00:00:00,TFL
8859,2,2,bird,bird,00:00:00,TFL
8860,2,2,bird,bird,00:00:00,TFL
8861,4,4,deer,deer,00:00:00,TFL
8862,0,0,airplane,airplane,00:00:00,TFL
8863,5,5,dog,dog,00:00:00,TFL
8864,9,9,truck,truck,00:00:00,TFL
8865,7,7,horse,horse,00:00:00,TFL
8866,1,1,automobile,automobile,00:00:00,TFL
8867,8,8,ship,ship,00:00:00,TFL
8868,4,4,deer,deer,00:00:00,TFL
8869,5,5,dog,dog,00:00:00,TFL
8870,5,5,dog,dog,00:00:00,TFL
8871,9,9,truck,truck,00:00:00,TFL
8872,8,3,ship,cat,00:00:00,TFL
8873,5,5,dog,dog,00:00:00,TFL
8874,7,7,horse,horse,00:00:00,TFL
8875,8,8,ship,ship,00:00:00,TFL
8876,0,0,airplane,airplane,00:00:00,TFL
8877,9,9,truck,truck,00:00:00,TFL
8878,8,8,ship,ship,00:00:00,TFL
8879,9,9,truck,truck,00:00:00,TFL
8880,1,1,automobile,automobile,00:00:00,TFL
8881,6,6,frog,frog,00:00:00,TFL
8882,3,3,cat,cat,00:00:00,TFL
8883,8,8,ship,ship,00:00:00,TFL
8884,0,7,airplane,horse,00:00:00,TFL
8885,3,3,cat,cat,00:00:00,TFL
8886,4,5,deer,dog,00:00:00,TFL
8887,4,4,deer,deer,00:00:00,TFL
8888,8,8,ship,ship,00:00:00,TFL
8889,4,4,deer,deer,00:00:00,TFL
8890,8,8,ship,ship,00:00:00,TFL
8891,9,9,truck,truck,00:00:00,TFL
8892,8,8,ship,ship,00:00:00,TFL
8893,6,6,frog,frog,00:00:00,TFL
8894,0,0,airplane,airplane,00:00:00,TFL
8895,0,0,airplane,airplane,00:00:00,TFL
8896,8,8,ship,ship,00:00:00,TFL
8897,2,2,bird,bird,00:00:00,TFL
8898,7,7,horse,horse,00:00:00,TFL
8899,4,4,deer,deer,00:00:00,TFL
8900,2,2,bird,bird,00:00:00,TFL
8901,5,5,dog,dog,00:00:00,TFL
8902,6,6,frog,frog,00:00:00,TFL
8903,0,0,airplane,airplane,00:00:00,TFL
8904,5,5,dog,dog,00:00:00,TFL
8905,8,8,ship,ship,00:00:00,TFL
8906,4,4,deer,deer,00:00:00,TFL
8907,1,1,automobile,automobile,00:00:00,TFL
8908,9,9,truck,truck,00:00:00,TFL
8909,0,0,airplane,airplane,00:00:00,TFL
8910,1,1,automobile,automobile,00:00:00,TFL
8911,4,4,deer,deer,00:00:00,TFL
8912,4,4,deer,deer,00:00:00,TFL
8913,8,8,ship,ship,00:00:00,TFL
8914,4,4,deer,deer,00:00:00,TFL
8915,9,9,truck,truck,00:00:00,TFL
8916,6,6,frog,frog,00:00:00,TFL
8917,0,9,airplane,truck,00:00:00,TFL
8918,7,7,horse,horse,00:00:00,TFL
8919,7,4,horse,deer,00:00:00,TFL
8920,6,6,frog,frog,00:00:00,TFL
8921,8,8,ship,ship,00:00:00,TFL
8922,9,9,truck,truck,00:00:00,TFL
8923,6,4,frog,deer,00:00:00,TFL
8924,2,5,bird,dog,00:00:00,TFL
8925,0,0,airplane,airplane,00:00:00,TFL
8926,4,4,deer,deer,00:00:00,TFL
8927,9,9,truck,truck,00:00:00,TFL
8928,4,2,deer,bird,00:00:00,TFL
8929,9,9,truck,truck,00:00:00,TFL
8930,3,3,cat,cat,00:00:00,TFL
8931,9,9,truck,truck,00:00:00,TFL
8932,6,2,frog,bird,00:00:00,TFL
8933,6,3,frog,cat,00:00:00,TFL
8934,7,7,horse,horse,00:00:00,TFL
8935,0,0,airplane,airplane,00:00:00,TFL
8936,9,9,truck,truck,00:00:00,TFL
8937,7,7,horse,horse,00:00:00,TFL
8938,1,1,automobile,automobile,00:00:00,TFL
8939,8,8,ship,ship,00:00:00,TFL
8940,6,5,frog,dog,00:00:00,TFL
8941,0,0,airplane,airplane,00:00:00,TFL
8942,6,6,frog,frog,00:00:00,TFL
8943,7,4,horse,deer,00:00:00,TFL
8944,4,4,deer,deer,00:00:00,TFL
8945,1,1,automobile,automobile,00:00:00,TFL
8946,9,9,truck,truck,00:00:00,TFL
8947,4,4,deer,deer,00:00:00,TFL
8948,6,6,frog,frog,00:00:00,TFL
8949,7,7,horse,horse,00:00:00,TFL
8950,9,9,truck,truck,00:00:00,TFL
8951,8,8,ship,ship,00:00:00,TFL
8952,3,5,cat,dog,00:00:00,TFL
8953,9,9,truck,truck,00:00:00,TFL
8954,2,2,bird,bird,00:00:00,TFL
8955,1,1,automobile,automobile,00:00:00,TFL
8956,2,2,bird,bird,00:00:00,TFL
8957,7,7,horse,horse,00:00:00,TFL
8958,6,6,frog,frog,00:00:00,TFL
8959,1,1,automobile,automobile,00:00:00,TFL
8960,0,0,airplane,airplane,00:00:00,TFL
8961,0,0,airplane,airplane,00:00:00,TFL
8962,5,5,dog,dog,00:00:00,TFL
8963,6,6,frog,frog,00:00:00,TFL
8964,0,0,airplane,airplane,00:00:00,TFL
8965,4,4,deer,deer,00:00:00,TFL
8966,3,3,cat,cat,00:00:00,TFL
8967,2,3,bird,cat,00:00:00,TFL
8968,8,8,ship,ship,00:00:00,TFL
8969,8,8,ship,ship,00:00:00,TFL
8970,0,0,airplane,airplane,00:00:00,TFL
8971,6,6,frog,frog,00:00:00,TFL
8972,9,0,truck,airplane,00:00:00,TFL
8973,5,5,dog,dog,00:00:00,TFL
8974,2,2,bird,bird,00:00:00,TFL
8975,8,8,ship,ship,00:00:00,TFL
8976,7,7,horse,horse,00:00:00,TFL
8977,0,8,airplane,ship,00:00:00,TFL
8978,6,6,frog,frog,00:00:00,TFL
8979,5,5,dog,dog,00:00:00,TFL
8980,9,9,truck,truck,00:00:00,TFL
8981,7,4,horse,deer,00:00:00,TFL
8982,2,2,bird,bird,00:00:00,TFL
8983,3,5,cat,dog,00:00:00,TFL
8984,6,6,frog,frog,00:00:00,TFL
8985,9,0,truck,airplane,00:00:00,TFL
8986,6,6,frog,frog,00:00:00,TFL
8987,2,2,bird,bird,00:00:00,TFL
8988,2,2,bird,bird,00:00:00,TFL
8989,4,4,deer,deer,00:00:00,TFL
8990,1,1,automobile,automobile,00:00:00,TFL
8991,0,0,airplane,airplane,00:00:00,TFL
8992,5,5,dog,dog,00:00:00,TFL
8993,0,9,airplane,truck,00:00:00,TFL
8994,8,8,ship,ship,00:00:00,TFL
8995,9,9,truck,truck,00:00:00,TFL
8996,3,7,cat,horse,00:00:00,TFL
8997,5,5,dog,dog,00:00:00,TFL
8998,9,9,truck,truck,00:00:00,TFL
8999,3,3,cat,cat,00:00:00,TFL
9000,8,8,ship,ship,00:00:00,TFL
9001,1,1,automobile,automobile,00:00:00,TFL
9002,6,6,frog,frog,00:00:00,TFL
9003,3,4,cat,deer,00:00:00,TFL
9004,7,7,horse,horse,00:00:00,TFL
9005,5,5,dog,dog,00:00:00,TFL
9006,6,6,frog,frog,00:00:00,TFL
9007,2,2,bird,bird,00:00:00,TFL
9008,0,0,airplane,airplane,00:00:00,TFL
9009,2,6,bird,frog,00:00:00,TFL
9010,8,8,ship,ship,00:00:00,TFL
9011,2,2,bird,bird,00:00:00,TFL
9012,8,8,ship,ship,00:00:00,TFL
9013,7,7,horse,horse,00:00:00,TFL
9014,7,7,horse,horse,00:00:00,TFL
9015,8,8,ship,ship,00:00:00,TFL
9016,1,1,automobile,automobile,00:00:00,TFL
9017,0,0,airplane,airplane,00:00:00,TFL
9018,8,8,ship,ship,00:00:00,TFL
9019,9,9,truck,truck,00:00:00,TFL
9020,7,7,horse,horse,00:00:00,TFL
9021,0,0,airplane,airplane,00:00:00,TFL
9022,3,3,cat,cat,00:00:00,TFL
9023,8,8,ship,ship,00:00:00,TFL
9024,0,0,airplane,airplane,00:00:00,TFL
9025,5,5,dog,dog,00:00:00,TFL
9026,9,9,truck,truck,00:00:00,TFL
9027,5,3,dog,cat,00:00:00,TFL
9028,8,8,ship,ship,00:00:00,TFL
9029,4,4,deer,deer,00:00:00,TFL
9030,2,2,bird,bird,00:00:00,TFL
9031,0,0,airplane,airplane,00:00:00,TFL
9032,9,9,truck,truck,00:00:00,TFL
9033,2,2,bird,bird,00:00:00,TFL
9034,2,4,bird,deer,00:00:00,TFL
9035,4,4,deer,deer,00:00:00,TFL
9036,4,4,deer,deer,00:00:00,TFL
9037,9,9,truck,truck,00:00:00,TFL
9038,2,2,bird,bird,00:00:00,TFL
9039,2,6,bird,frog,00:00:00,TFL
9040,2,5,bird,dog,00:00:00,TFL
9041,5,3,dog,cat,00:00:00,TFL
9042,1,1,automobile,automobile,00:00:00,TFL
9043,3,3,cat,cat,00:00:00,TFL
9044,2,2,bird,bird,00:00:00,TFL
9045,0,0,airplane,airplane,00:00:00,TFL
9046,0,9,airplane,truck,00:00:00,TFL
9047,4,4,deer,deer,00:00:00,TFL
9048,0,0,airplane,airplane,00:00:00,TFL
9049,6,6,frog,frog,00:00:00,TFL
9050,5,5,dog,dog,00:00:00,TFL
9051,8,8,ship,ship,00:00:00,TFL
9052,0,0,airplane,airplane,00:00:00,TFL
9053,5,5,dog,dog,00:00:00,TFL
9054,8,8,ship,ship,00:00:00,TFL
9055,6,6,frog,frog,00:00:00,TFL
9056,4,7,deer,horse,00:00:00,TFL
9057,8,8,ship,ship,00:00:00,TFL
9058,5,3,dog,cat,00:00:00,TFL
9059,2,3,bird,cat,00:00:00,TFL
9060,9,9,truck,truck,00:00:00,TFL
9061,7,7,horse,horse,00:00:00,TFL
9062,9,9,truck,truck,00:00:00,TFL
9063,7,7,horse,horse,00:00:00,TFL
9064,1,1,automobile,automobile,00:00:00,TFL
9065,0,0,airplane,airplane,00:00:00,TFL
9066,1,1,automobile,automobile,00:00:00,TFL
9067,9,9,truck,truck,00:00:00,TFL
9068,6,6,frog,frog,00:00:00,TFL
9069,9,9,truck,truck,00:00:00,TFL
9070,2,0,bird,airplane,00:00:00,TFL
9071,7,7,horse,horse,00:00:00,TFL
9072,9,9,truck,truck,00:00:00,TFL
9073,4,6,deer,frog,00:00:00,TFL
9074,4,4,deer,deer,00:00:00,TFL
9075,0,0,airplane,airplane,00:00:00,TFL
9076,6,6,frog,frog,00:00:00,TFL
9077,2,2,bird,bird,00:00:00,TFL
9078,4,4,deer,deer,00:00:00,TFL
9079,1,1,automobile,automobile,00:00:00,TFL
9080,3,5,cat,dog,00:00:00,TFL
9081,7,7,horse,horse,00:00:00,TFL
9082,2,3,bird,cat,00:00:00,TFL
9083,8,8,ship,ship,00:00:00,TFL
9084,5,5,dog,dog,00:00:00,TFL
9085,9,9,truck,truck,00:00:00,TFL
9086,0,0,airplane,airplane,00:00:00,TFL
9087,3,3,cat,cat,00:00:00,TFL
9088,2,3,bird,cat,00:00:00,TFL
9089,3,3,cat,cat,00:00:00,TFL
9090,2,4,bird,deer,00:00:00,TFL
9091,7,7,horse,horse,00:00:00,TFL
9092,6,6,frog,frog,00:00:00,TFL
9093,3,4,cat,deer,00:00:00,TFL
9094,2,2,bird,bird,00:00:00,TFL
9095,5,5,dog,dog,00:00:00,TFL
9096,9,9,truck,truck,00:00:00,TFL
9097,0,0,airplane,airplane,00:00:00,TFL
9098,5,5,dog,dog,00:00:00,TFL
9099,9,9,truck,truck,00:00:00,TFL
9100,9,9,truck,truck,00:00:00,TFL
9101,8,8,ship,ship,00:00:00,TFL
9102,7,7,horse,horse,00:00:00,TFL
9103,7,7,horse,horse,00:00:00,TFL
9104,4,4,deer,deer,00:00:00,TFL
9105,8,8,ship,ship,00:00:00,TFL
9106,6,6,frog,frog,00:00:00,TFL
9107,5,7,dog,horse,00:00:00,TFL
9108,2,2,bird,bird,00:00:00,TFL
9109,3,3,cat,cat,00:00:00,TFL
9110,1,1,automobile,automobile,00:00:00,TFL
9111,0,0,airplane,airplane,00:00:00,TFL
9112,4,4,deer,deer,00:00:00,TFL
9113,1,1,automobile,automobile,00:00:00,TFL
9114,8,8,ship,ship,00:00:00,TFL
9115,8,8,ship,ship,00:00:00,TFL
9116,4,4,deer,deer,00:00:00,TFL
9117,9,9,truck,truck,00:00:00,TFL
9118,4,4,deer,deer,00:00:00,TFL
9119,4,4,deer,deer,00:00:00,TFL
9120,3,4,cat,deer,00:00:00,TFL
9121,3,3,cat,cat,00:00:00,TFL
9122,9,9,truck,truck,00:00:00,TFL
9123,2,2,bird,bird,00:00:00,TFL
9124,0,0,airplane,airplane,00:00:00,TFL
9125,1,1,automobile,automobile,00:00:00,TFL
9126,1,1,automobile,automobile,00:00:00,TFL
9127,8,9,ship,truck,00:00:00,TFL
9128,4,3,deer,cat,00:00:00,TFL
9129,4,4,deer,deer,00:00:00,TFL
9130,8,8,ship,ship,00:00:00,TFL
9131,3,5,cat,dog,00:00:00,TFL
9132,2,3,bird,cat,00:00:00,TFL
9133,9,9,truck,truck,00:00:00,TFL
9134,5,5,dog,dog,00:00:00,TFL
9135,7,7,horse,horse,00:00:00,TFL
9136,6,6,frog,frog,00:00:00,TFL
9137,2,6,bird,frog,00:00:00,TFL
9138,5,5,dog,dog,00:00:00,TFL
9139,4,2,deer,bird,00:00:00,TFL
9140,7,7,horse,horse,00:00:00,TFL
9141,3,3,cat,cat,00:00:00,TFL
9142,3,3,cat,cat,00:00:00,TFL
9143,9,9,truck,truck,00:00:00,TFL
9144,0,0,airplane,airplane,00:00:00,TFL
9145,1,9,automobile,truck,00:00:00,TFL
9146,5,5,dog,dog,00:00:00,TFL
9147,9,3,truck,cat,00:00:00,TFL
9148,3,5,cat,dog,00:00:00,TFL
9149,7,7,horse,horse,00:00:00,TFL
9150,6,6,frog,frog,00:00:00,TFL
9151,0,0,airplane,airplane,00:00:00,TFL
9152,4,4,deer,deer,00:00:00,TFL
9153,2,2,bird,bird,00:00:00,TFL
9154,2,2,bird,bird,00:00:00,TFL
9155,5,5,dog,dog,00:00:00,TFL
9156,6,6,frog,frog,00:00:00,TFL
9157,3,3,cat,cat,00:00:00,TFL
9158,8,8,ship,ship,00:00:00,TFL
9159,9,9,truck,truck,00:00:00,TFL
9160,5,5,dog,dog,00:00:00,TFL
9161,6,6,frog,frog,00:00:00,TFL
9162,1,1,automobile,automobile,00:00:00,TFL
9163,4,4,deer,deer,00:00:00,TFL
9164,5,5,dog,dog,00:00:00,TFL
9165,4,4,deer,deer,00:00:00,TFL
9166,6,6,frog,frog,00:00:00,TFL
9167,7,7,horse,horse,00:00:00,TFL
9168,2,2,bird,bird,00:00:00,TFL
9169,1,1,automobile,automobile,00:00:00,TFL
9170,0,9,airplane,truck,00:00:00,TFL
9171,2,2,bird,bird,00:00:00,TFL
9172,0,0,airplane,airplane,00:00:00,TFL
9173,4,4,deer,deer,00:00:00,TFL
9174,9,9,truck,truck,00:00:00,TFL
9175,8,8,ship,ship,00:00:00,TFL
9176,8,8,ship,ship,00:00:00,TFL
9177,9,9,truck,truck,00:00:00,TFL
9178,1,1,automobile,automobile,00:00:00,TFL
9179,1,1,automobile,automobile,00:00:00,TFL
9180,5,5,dog,dog,00:00:00,TFL
9181,0,0,airplane,airplane,00:00:00,TFL
9182,0,0,airplane,airplane,00:00:00,TFL
9183,8,8,ship,ship,00:00:00,TFL
9184,7,4,horse,deer,00:00:00,TFL
9185,1,1,automobile,automobile,00:00:00,TFL
9186,7,7,horse,horse,00:00:00,TFL
9187,4,4,deer,deer,00:00:00,TFL
9188,5,5,dog,dog,00:00:00,TFL
9189,4,4,deer,deer,00:00:00,TFL
9190,3,7,cat,horse,00:00:00,TFL
9191,3,3,cat,cat,00:00:00,TFL
9192,2,2,bird,bird,00:00:00,TFL
9193,0,0,airplane,airplane,00:00:00,TFL
9194,6,6,frog,frog,00:00:00,TFL
9195,6,6,frog,frog,00:00:00,TFL
9196,0,0,airplane,airplane,00:00:00,TFL
9197,1,1,automobile,automobile,00:00:00,TFL
9198,3,3,cat,cat,00:00:00,TFL
9199,9,9,truck,truck,00:00:00,TFL
9200,8,8,ship,ship,00:00:00,TFL
9201,3,3,cat,cat,00:00:00,TFL
9202,7,7,horse,horse,00:00:00,TFL
9203,8,8,ship,ship,00:00:00,TFL
9204,9,8,truck,ship,00:00:00,TFL
9205,4,4,deer,deer,00:00:00,TFL
9206,8,8,ship,ship,00:00:00,TFL
9207,9,9,truck,truck,00:00:00,TFL
9208,0,0,airplane,airplane,00:00:00,TFL
9209,9,9,truck,truck,00:00:00,TFL
9210,7,7,horse,horse,00:00:00,TFL
9211,1,1,automobile,automobile,00:00:00,TFL
9212,6,6,frog,frog,00:00:00,TFL
9213,2,2,bird,bird,00:00:00,TFL
9214,9,9,truck,truck,00:00:00,TFL
9215,5,5,dog,dog,00:00:00,TFL
9216,6,4,frog,deer,00:00:00,TFL
9217,9,9,truck,truck,00:00:00,TFL
9218,3,4,cat,deer,00:00:00,TFL
9219,9,9,truck,truck,00:00:00,TFL
9220,8,8,ship,ship,00:00:00,TFL
9221,7,7,horse,horse,00:00:00,TFL
9222,7,7,horse,horse,00:00:00,TFL
9223,1,9,automobile,truck,00:00:00,TFL
9224,6,4,frog,deer,00:00:00,TFL
9225,5,3,dog,cat,00:00:00,TFL
9226,3,3,cat,cat,00:00:00,TFL
9227,1,9,automobile,truck,00:00:00,TFL
9228,3,3,cat,cat,00:00:00,TFL
9229,1,1,automobile,automobile,00:00:00,TFL
9230,2,7,bird,horse,00:00:00,TFL
9231,7,4,horse,deer,00:00:00,TFL
9232,1,1,automobile,automobile,00:00:00,TFL
9233,8,8,ship,ship,00:00:00,TFL
9234,2,2,bird,bird,00:00:00,TFL
9235,0,0,airplane,airplane,00:00:00,TFL
9236,9,9,truck,truck,00:00:00,TFL
9237,7,7,horse,horse,00:00:00,TFL
9238,9,9,truck,truck,00:00:00,TFL
9239,8,8,ship,ship,00:00:00,TFL
9240,8,8,ship,ship,00:00:00,TFL
9241,6,6,frog,frog,00:00:00,TFL
9242,7,7,horse,horse,00:00:00,TFL
9243,3,3,cat,cat,00:00:00,TFL
9244,7,7,horse,horse,00:00:00,TFL
9245,1,1,automobile,automobile,00:00:00,TFL
9246,3,6,cat,frog,00:00:00,TFL
9247,9,9,truck,truck,00:00:00,TFL
9248,0,8,airplane,ship,00:00:00,TFL
9249,9,9,truck,truck,00:00:00,TFL
9250,3,3,cat,cat,00:00:00,TFL
9251,6,6,frog,frog,00:00:00,TFL
9252,7,4,horse,deer,00:00:00,TFL
9253,2,0,bird,airplane,00:00:00,TFL
9254,7,7,horse,horse,00:00:00,TFL
9255,3,3,cat,cat,00:00:00,TFL
9256,0,0,airplane,airplane,00:00:00,TFL
9257,5,5,dog,dog,00:00:00,TFL
9258,9,9,truck,truck,00:00:00,TFL
9259,7,7,horse,horse,00:00:00,TFL
9260,5,3,dog,cat,00:00:00,TFL
9261,5,5,dog,dog,00:00:00,TFL
9262,0,2,airplane,bird,00:00:00,TFL
9263,6,6,frog,frog,00:00:00,TFL
9264,5,5,dog,dog,00:00:00,TFL
9265,1,1,automobile,automobile,00:00:00,TFL
9266,8,8,ship,ship,00:00:00,TFL
9267,2,6,bird,frog,00:00:00,TFL
9268,7,7,horse,horse,00:00:00,TFL
9269,5,3,dog,cat,00:00:00,TFL
9270,9,9,truck,truck,00:00:00,TFL
9271,0,0,airplane,airplane,00:00:00,TFL
9272,0,0,airplane,airplane,00:00:00,TFL
9273,0,2,airplane,bird,00:00:00,TFL
9274,8,8,ship,ship,00:00:00,TFL
9275,8,8,ship,ship,00:00:00,TFL
9276,7,7,horse,horse,00:00:00,TFL
9277,3,7,cat,horse,00:00:00,TFL
9278,7,7,horse,horse,00:00:00,TFL
9279,8,8,ship,ship,00:00:00,TFL
9280,9,9,truck,truck,00:00:00,TFL
9281,3,3,cat,cat,00:00:00,TFL
9282,7,7,horse,horse,00:00:00,TFL
9283,9,9,truck,truck,00:00:00,TFL
9284,7,7,horse,horse,00:00:00,TFL
9285,8,8,ship,ship,00:00:00,TFL
9286,7,7,horse,horse,00:00:00,TFL
9287,9,9,truck,truck,00:00:00,TFL
9288,8,8,ship,ship,00:00:00,TFL
9289,5,5,dog,dog,00:00:00,TFL
9290,4,4,deer,deer,00:00:00,TFL
9291,8,8,ship,ship,00:00:00,TFL
9292,3,7,cat,horse,00:00:00,TFL
9293,7,7,horse,horse,00:00:00,TFL
9294,6,3,frog,cat,00:00:00,TFL
9295,3,3,cat,cat,00:00:00,TFL
9296,8,8,ship,ship,00:00:00,TFL
9297,2,2,bird,bird,00:00:00,TFL
9298,1,9,automobile,truck,00:00:00,TFL
9299,9,9,truck,truck,00:00:00,TFL
9300,5,3,dog,cat,00:00:00,TFL
9301,7,3,horse,cat,00:00:00,TFL
9302,3,1,cat,automobile,00:00:00,TFL
9303,9,9,truck,truck,00:00:00,TFL
9304,5,5,dog,dog,00:00:00,TFL
9305,5,5,dog,dog,00:00:00,TFL
9306,8,8,ship,ship,00:00:00,TFL
9307,7,7,horse,horse,00:00:00,TFL
9308,3,3,cat,cat,00:00:00,TFL
9309,5,5,dog,dog,00:00:00,TFL
9310,3,4,cat,deer,00:00:00,TFL
9311,5,5,dog,dog,00:00:00,TFL
9312,9,9,truck,truck,00:00:00,TFL
9313,7,7,horse,horse,00:00:00,TFL
9314,6,6,frog,frog,00:00:00,TFL
9315,7,2,horse,bird,00:00:00,TFL
9316,3,3,cat,cat,00:00:00,TFL
9317,6,6,frog,frog,00:00:00,TFL
9318,4,4,deer,deer,00:00:00,TFL
9319,3,3,cat,cat,00:00:00,TFL
9320,9,9,truck,truck,00:00:00,TFL
9321,4,4,deer,deer,00:00:00,TFL
9322,2,2,bird,bird,00:00:00,TFL
9323,1,1,automobile,automobile,00:00:00,TFL
9324,9,9,truck,truck,00:00:00,TFL
9325,6,6,frog,frog,00:00:00,TFL
9326,0,0,airplane,airplane,00:00:00,TFL
9327,2,3,bird,cat,00:00:00,TFL
9328,6,6,frog,frog,00:00:00,TFL
9329,7,4,horse,deer,00:00:00,TFL
9330,4,4,deer,deer,00:00:00,TFL
9331,7,7,horse,horse,00:00:00,TFL
9332,9,9,truck,truck,00:00:00,TFL
9333,0,0,airplane,airplane,00:00:00,TFL
9334,7,7,horse,horse,00:00:00,TFL
9335,4,4,deer,deer,00:00:00,TFL
9336,3,3,cat,cat,00:00:00,TFL
9337,5,4,dog,deer,00:00:00,TFL
9338,3,3,cat,cat,00:00:00,TFL
9339,1,1,automobile,automobile,00:00:00,TFL
9340,1,1,automobile,automobile,00:00:00,TFL
9341,2,6,bird,frog,00:00:00,TFL
9342,6,6,frog,frog,00:00:00,TFL
9343,8,8,ship,ship,00:00:00,TFL
9344,2,2,bird,bird,00:00:00,TFL
9345,1,1,automobile,automobile,00:00:00,TFL
9346,7,3,horse,cat,00:00:00,TFL
9347,8,8,ship,ship,00:00:00,TFL
9348,5,5,dog,dog,00:00:00,TFL
9349,9,8,truck,ship,00:00:00,TFL
9350,6,6,frog,frog,00:00:00,TFL
9351,1,1,automobile,automobile,00:00:00,TFL
9352,1,1,automobile,automobile,00:00:00,TFL
9353,5,5,dog,dog,00:00:00,TFL
9354,0,0,airplane,airplane,00:00:00,TFL
9355,6,6,frog,frog,00:00:00,TFL
9356,0,0,airplane,airplane,00:00:00,TFL
9357,9,9,truck,truck,00:00:00,TFL
9358,2,2,bird,bird,00:00:00,TFL
9359,6,6,frog,frog,00:00:00,TFL
9360,5,5,dog,dog,00:00:00,TFL
9361,8,8,ship,ship,00:00:00,TFL
9362,9,9,truck,truck,00:00:00,TFL
9363,5,6,dog,frog,00:00:00,TFL
9364,5,5,dog,dog,00:00:00,TFL
9365,6,6,frog,frog,00:00:00,TFL
9366,2,2,bird,bird,00:00:00,TFL
9367,9,9,truck,truck,00:00:00,TFL
9368,1,1,automobile,automobile,00:00:00,TFL
9369,5,5,dog,dog,00:00:00,TFL
9370,8,8,ship,ship,00:00:00,TFL
9371,8,8,ship,ship,00:00:00,TFL
9372,7,7,horse,horse,00:00:00,TFL
9373,1,1,automobile,automobile,00:00:00,TFL
9374,7,7,horse,horse,00:00:00,TFL
9375,3,5,cat,dog,00:00:00,TFL
9376,5,5,dog,dog,00:00:00,TFL
9377,4,4,deer,deer,00:00:00,TFL
9378,9,9,truck,truck,00:00:00,TFL
9379,7,7,horse,horse,00:00:00,TFL
9380,5,3,dog,cat,00:00:00,TFL
9381,2,2,bird,bird,00:00:00,TFL
9382,9,9,truck,truck,00:00:00,TFL
9383,9,9,truck,truck,00:00:00,TFL
9384,4,4,deer,deer,00:00:00,TFL
9385,7,7,horse,horse,00:00:00,TFL
9386,4,2,deer,bird,00:00:00,TFL
9387,1,1,automobile,automobile,00:00:00,TFL
9388,3,3,cat,cat,00:00:00,TFL
9389,8,8,ship,ship,00:00:00,TFL
9390,7,7,horse,horse,00:00:00,TFL
9391,9,9,truck,truck,00:00:00,TFL
9392,0,0,airplane,airplane,00:00:00,TFL
9393,4,4,deer,deer,00:00:00,TFL
9394,5,5,dog,dog,00:00:00,TFL
9395,7,7,horse,horse,00:00:00,TFL
9396,5,5,dog,dog,00:00:00,TFL
9397,2,6,bird,frog,00:00:00,TFL
9398,8,8,ship,ship,00:00:00,TFL
9399,7,7,horse,horse,00:00:00,TFL
9400,6,6,frog,frog,00:00:00,TFL
9401,9,9,truck,truck,00:00:00,TFL
9402,6,6,frog,frog,00:00:00,TFL
9403,9,9,truck,truck,00:00:00,TFL
9404,3,3,cat,cat,00:00:00,TFL
9405,8,8,ship,ship,00:00:00,TFL
9406,5,5,dog,dog,00:00:00,TFL
9407,6,6,frog,frog,00:00:00,TFL
9408,6,6,frog,frog,00:00:00,TFL
9409,9,9,truck,truck,00:00:00,TFL
9410,5,5,dog,dog,00:00:00,TFL
9411,7,7,horse,horse,00:00:00,TFL
9412,8,8,ship,ship,00:00:00,TFL
9413,0,0,airplane,airplane,00:00:00,TFL
9414,5,3,dog,cat,00:00:00,TFL
9415,0,1,airplane,automobile,00:00:00,TFL
9416,7,7,horse,horse,00:00:00,TFL
9417,4,3,deer,cat,00:00:00,TFL
9418,8,8,ship,ship,00:00:00,TFL
9419,2,2,bird,bird,00:00:00,TFL
9420,5,5,dog,dog,00:00:00,TFL
9421,1,9,automobile,truck,00:00:00,TFL
9422,3,3,cat,cat,00:00:00,TFL
9423,2,4,bird,deer,00:00:00,TFL
9424,2,2,bird,bird,00:00:00,TFL
9425,6,6,frog,frog,00:00:00,TFL
9426,2,4,bird,deer,00:00:00,TFL
9427,1,1,automobile,automobile,00:00:00,TFL
9428,7,2,horse,bird,00:00:00,TFL
9429,4,4,deer,deer,00:00:00,TFL
9430,6,6,frog,frog,00:00:00,TFL
9431,3,5,cat,dog,00:00:00,TFL
9432,1,1,automobile,automobile,00:00:00,TFL
9433,3,3,cat,cat,00:00:00,TFL
9434,7,7,horse,horse,00:00:00,TFL
9435,2,3,bird,cat,00:00:00,TFL
9436,1,6,automobile,frog,00:00:00,TFL
9437,3,3,cat,cat,00:00:00,TFL
9438,7,7,horse,horse,00:00:00,TFL
9439,0,0,airplane,airplane,00:00:00,TFL
9440,8,8,ship,ship,00:00:00,TFL
9441,4,2,deer,bird,00:00:00,TFL
9442,4,4,deer,deer,00:00:00,TFL
9443,5,5,dog,dog,00:00:00,TFL
9444,7,7,horse,horse,00:00:00,TFL
9445,9,7,truck,horse,00:00:00,TFL
9446,5,5,dog,dog,00:00:00,TFL
9447,4,4,deer,deer,00:00:00,TFL
9448,3,3,cat,cat,00:00:00,TFL
9449,9,1,truck,automobile,00:00:00,TFL
9450,6,6,frog,frog,00:00:00,TFL
9451,8,8,ship,ship,00:00:00,TFL
9452,2,2,bird,bird,00:00:00,TFL
9453,3,3,cat,cat,00:00:00,TFL
9454,3,3,cat,cat,00:00:00,TFL
9455,1,1,automobile,automobile,00:00:00,TFL
9456,6,6,frog,frog,00:00:00,TFL
9457,1,9,automobile,truck,00:00:00,TFL
9458,7,7,horse,horse,00:00:00,TFL
9459,0,0,airplane,airplane,00:00:00,TFL
9460,3,3,cat,cat,00:00:00,TFL
9461,4,4,deer,deer,00:00:00,TFL
9462,2,2,bird,bird,00:00:00,TFL
9463,9,9,truck,truck,00:00:00,TFL
9464,4,4,deer,deer,00:00:00,TFL
9465,5,5,dog,dog,00:00:00,TFL
9466,8,8,ship,ship,00:00:00,TFL
9467,2,7,bird,horse,00:00:00,TFL
9468,7,7,horse,horse,00:00:00,TFL
9469,0,0,airplane,airplane,00:00:00,TFL
9470,9,9,truck,truck,00:00:00,TFL
9471,6,6,frog,frog,00:00:00,TFL
9472,8,8,ship,ship,00:00:00,TFL
9473,0,0,airplane,airplane,00:00:00,TFL
9474,8,8,ship,ship,00:00:00,TFL
9475,2,2,bird,bird,00:00:00,TFL
9476,8,8,ship,ship,00:00:00,TFL
9477,5,5,dog,dog,00:00:00,TFL
9478,7,7,horse,horse,00:00:00,TFL
9479,7,7,horse,horse,00:00:00,TFL
9480,2,2,bird,bird,00:00:00,TFL
9481,2,2,bird,bird,00:00:00,TFL
9482,0,0,airplane,airplane,00:00:00,TFL
9483,0,0,airplane,airplane,00:00:00,TFL
9484,0,0,airplane,airplane,00:00:00,TFL
9485,7,7,horse,horse,00:00:00,TFL
9486,4,4,deer,deer,00:00:00,TFL
9487,1,1,automobile,automobile,00:00:00,TFL
9488,6,6,frog,frog,00:00:00,TFL
9489,6,6,frog,frog,00:00:00,TFL
9490,8,1,ship,automobile,00:00:00,TFL
9491,8,8,ship,ship,00:00:00,TFL
9492,9,9,truck,truck,00:00:00,TFL
9493,0,0,airplane,airplane,00:00:00,TFL
9494,9,9,truck,truck,00:00:00,TFL
9495,0,0,airplane,airplane,00:00:00,TFL
9496,1,1,automobile,automobile,00:00:00,TFL
9497,3,6,cat,frog,00:00:00,TFL
9498,3,6,cat,frog,00:00:00,TFL
9499,0,0,airplane,airplane,00:00:00,TFL
9500,9,9,truck,truck,00:00:00,TFL
9501,6,0,frog,airplane,00:00:00,TFL
9502,6,6,frog,frog,00:00:00,TFL
9503,2,3,bird,cat,00:00:00,TFL
9504,6,6,frog,frog,00:00:00,TFL
9505,3,3,cat,cat,00:00:00,TFL
9506,4,5,deer,dog,00:00:00,TFL
9507,0,1,airplane,automobile,00:00:00,TFL
9508,8,8,ship,ship,00:00:00,TFL
9509,4,4,deer,deer,00:00:00,TFL
9510,1,1,automobile,automobile,00:00:00,TFL
9511,4,4,deer,deer,00:00:00,TFL
9512,0,0,airplane,airplane,00:00:00,TFL
9513,6,5,frog,dog,00:00:00,TFL
9514,5,5,dog,dog,00:00:00,TFL
9515,0,9,airplane,truck,00:00:00,TFL
9516,9,9,truck,truck,00:00:00,TFL
9517,9,9,truck,truck,00:00:00,TFL
9518,9,1,truck,automobile,00:00:00,TFL
9519,9,9,truck,truck,00:00:00,TFL
9520,1,1,automobile,automobile,00:00:00,TFL
9521,2,2,bird,bird,00:00:00,TFL
9522,3,4,cat,deer,00:00:00,TFL
9523,5,5,dog,dog,00:00:00,TFL
9524,4,4,deer,deer,00:00:00,TFL
9525,2,2,bird,bird,00:00:00,TFL
9526,9,9,truck,truck,00:00:00,TFL
9527,6,6,frog,frog,00:00:00,TFL
9528,0,8,airplane,ship,00:00:00,TFL
9529,9,9,truck,truck,00:00:00,TFL
9530,6,6,frog,frog,00:00:00,TFL
9531,6,6,frog,frog,00:00:00,TFL
9532,8,8,ship,ship,00:00:00,TFL
9533,0,0,airplane,airplane,00:00:00,TFL
9534,6,6,frog,frog,00:00:00,TFL
9535,1,9,automobile,truck,00:00:00,TFL
9536,4,4,deer,deer,00:00:00,TFL
9537,6,6,frog,frog,00:00:00,TFL
9538,8,8,ship,ship,00:00:00,TFL
9539,0,0,airplane,airplane,00:00:00,TFL
9540,5,5,dog,dog,00:00:00,TFL
9541,4,4,deer,deer,00:00:00,TFL
9542,1,9,automobile,truck,00:00:00,TFL
9543,2,2,bird,bird,00:00:00,TFL
9544,0,0,airplane,airplane,00:00:00,TFL
9545,9,9,truck,truck,00:00:00,TFL
9546,6,6,frog,frog,00:00:00,TFL
9547,4,4,deer,deer,00:00:00,TFL
9548,2,2,bird,bird,00:00:00,TFL
9549,4,4,deer,deer,00:00:00,TFL
9550,6,6,frog,frog,00:00:00,TFL
9551,5,5,dog,dog,00:00:00,TFL
9552,9,9,truck,truck,00:00:00,TFL
9553,7,7,horse,horse,00:00:00,TFL
9554,7,7,horse,horse,00:00:00,TFL
9555,4,4,deer,deer,00:00:00,TFL
9556,6,6,frog,frog,00:00:00,TFL
9557,5,5,dog,dog,00:00:00,TFL
9558,0,0,airplane,airplane,00:00:00,TFL
9559,1,1,automobile,automobile,00:00:00,TFL
9560,9,9,truck,truck,00:00:00,TFL
9561,0,0,airplane,airplane,00:00:00,TFL
9562,3,3,cat,cat,00:00:00,TFL
9563,1,5,automobile,dog,00:00:00,TFL
9564,9,9,truck,truck,00:00:00,TFL
9565,0,0,airplane,airplane,00:00:00,TFL
9566,9,9,truck,truck,00:00:00,TFL
9567,7,7,horse,horse,00:00:00,TFL
9568,8,8,ship,ship,00:00:00,TFL
9569,6,6,frog,frog,00:00:00,TFL
9570,7,7,horse,horse,00:00:00,TFL
9571,6,6,frog,frog,00:00:00,TFL
9572,8,8,ship,ship,00:00:00,TFL
9573,2,5,bird,dog,00:00:00,TFL
9574,4,4,deer,deer,00:00:00,TFL
9575,5,5,dog,dog,00:00:00,TFL
9576,3,1,cat,automobile,00:00:00,TFL
9577,0,0,airplane,airplane,00:00:00,TFL
9578,3,3,cat,cat,00:00:00,TFL
9579,2,2,bird,bird,00:00:00,TFL
9580,1,1,automobile,automobile,00:00:00,TFL
9581,7,7,horse,horse,00:00:00,TFL
9582,5,5,dog,dog,00:00:00,TFL
9583,9,9,truck,truck,00:00:00,TFL
9584,3,3,cat,cat,00:00:00,TFL
9585,4,4,deer,deer,00:00:00,TFL
9586,5,5,dog,dog,00:00:00,TFL
9587,7,3,horse,cat,00:00:00,TFL
9588,1,1,automobile,automobile,00:00:00,TFL
9589,5,5,dog,dog,00:00:00,TFL
9590,0,0,airplane,airplane,00:00:00,TFL
9591,1,1,automobile,automobile,00:00:00,TFL
9592,1,1,automobile,automobile,00:00:00,TFL
9593,1,1,automobile,automobile,00:00:00,TFL
9594,9,9,truck,truck,00:00:00,TFL
9595,7,7,horse,horse,00:00:00,TFL
9596,5,5,dog,dog,00:00:00,TFL
9597,4,4,deer,deer,00:00:00,TFL
9598,9,9,truck,truck,00:00:00,TFL
9599,7,7,horse,horse,00:00:00,TFL
9600,8,8,ship,ship,00:00:00,TFL
9601,1,5,automobile,dog,00:00:00,TFL
9602,0,0,airplane,airplane,00:00:00,TFL
9603,2,2,bird,bird,00:00:00,TFL
9604,8,8,ship,ship,00:00:00,TFL
9605,5,5,dog,dog,00:00:00,TFL
9606,6,3,frog,cat,00:00:00,TFL
9607,7,7,horse,horse,00:00:00,TFL
9608,0,0,airplane,airplane,00:00:00,TFL
9609,1,6,automobile,frog,00:00:00,TFL
9610,4,4,deer,deer,00:00:00,TFL
9611,8,8,ship,ship,00:00:00,TFL
9612,4,4,deer,deer,00:00:00,TFL
9613,4,4,deer,deer,00:00:00,TFL
9614,6,6,frog,frog,00:00:00,TFL
9615,6,6,frog,frog,00:00:00,TFL
9616,5,4,dog,deer,00:00:00,TFL
9617,8,8,ship,ship,00:00:00,TFL
9618,1,1,automobile,automobile,00:00:00,TFL
9619,8,8,ship,ship,00:00:00,TFL
9620,4,4,deer,deer,00:00:00,TFL
9621,6,6,frog,frog,00:00:00,TFL
9622,5,5,dog,dog,00:00:00,TFL
9623,9,9,truck,truck,00:00:00,TFL
9624,2,2,bird,bird,00:00:00,TFL
9625,2,2,bird,bird,00:00:00,TFL
9626,1,1,automobile,automobile,00:00:00,TFL
9627,4,4,deer,deer,00:00:00,TFL
9628,9,9,truck,truck,00:00:00,TFL
9629,1,1,automobile,automobile,00:00:00,TFL
9630,6,6,frog,frog,00:00:00,TFL
9631,7,7,horse,horse,00:00:00,TFL
9632,2,2,bird,bird,00:00:00,TFL
9633,0,0,airplane,airplane,00:00:00,TFL
9634,1,1,automobile,automobile,00:00:00,TFL
9635,7,4,horse,deer,00:00:00,TFL
9636,6,6,frog,frog,00:00:00,TFL
9637,5,5,dog,dog,00:00:00,TFL
9638,2,2,bird,bird,00:00:00,TFL
9639,2,2,bird,bird,00:00:00,TFL
9640,5,5,dog,dog,00:00:00,TFL
9641,6,3,frog,cat,00:00:00,TFL
9642,0,0,airplane,airplane,00:00:00,TFL
9643,9,0,truck,airplane,00:00:00,TFL
9644,0,0,airplane,airplane,00:00:00,TFL
9645,1,1,automobile,automobile,00:00:00,TFL
9646,5,1,dog,automobile,00:00:00,TFL
9647,3,3,cat,cat,00:00:00,TFL
9648,3,4,cat,deer,00:00:00,TFL
9649,5,5,dog,dog,00:00:00,TFL
9650,8,8,ship,ship,00:00:00,TFL
9651,7,7,horse,horse,00:00:00,TFL
9652,5,3,dog,cat,00:00:00,TFL
9653,6,6,frog,frog,00:00:00,TFL
9654,5,5,dog,dog,00:00:00,TFL
9655,8,8,ship,ship,00:00:00,TFL
9656,0,8,airplane,ship,00:00:00,TFL
9657,5,5,dog,dog,00:00:00,TFL
9658,9,9,truck,truck,00:00:00,TFL
9659,4,4,deer,deer,00:00:00,TFL
9660,6,6,frog,frog,00:00:00,TFL
9661,5,5,dog,dog,00:00:00,TFL
9662,1,1,automobile,automobile,00:00:00,TFL
9663,1,1,automobile,automobile,00:00:00,TFL
9664,0,0,airplane,airplane,00:00:00,TFL
9665,3,3,cat,cat,00:00:00,TFL
9666,3,3,cat,cat,00:00:00,TFL
9667,9,9,truck,truck,00:00:00,TFL
9668,4,4,deer,deer,00:00:00,TFL
9669,8,8,ship,ship,00:00:00,TFL
9670,1,1,automobile,automobile,00:00:00,TFL
9671,7,7,horse,horse,00:00:00,TFL
9672,7,7,horse,horse,00:00:00,TFL
9673,9,9,truck,truck,00:00:00,TFL
9674,9,9,truck,truck,00:00:00,TFL
9675,4,4,deer,deer,00:00:00,TFL
9676,3,3,cat,cat,00:00:00,TFL
9677,6,6,frog,frog,00:00:00,TFL
9678,3,3,cat,cat,00:00:00,TFL
9679,2,2,bird,bird,00:00:00,TFL
9680,8,8,ship,ship,00:00:00,TFL
9681,2,2,bird,bird,00:00:00,TFL
9682,7,7,horse,horse,00:00:00,TFL
9683,6,6,frog,frog,00:00:00,TFL
9684,7,7,horse,horse,00:00:00,TFL
9685,0,0,airplane,airplane,00:00:00,TFL
9686,2,2,bird,bird,00:00:00,TFL
9687,1,9,automobile,truck,00:00:00,TFL
9688,2,2,bird,bird,00:00:00,TFL
9689,9,9,truck,truck,00:00:00,TFL
9690,4,4,deer,deer,00:00:00,TFL
9691,6,6,frog,frog,00:00:00,TFL
9692,9,9,truck,truck,00:00:00,TFL
9693,6,3,frog,cat,00:00:00,TFL
9694,1,9,automobile,truck,00:00:00,TFL
9695,0,0,airplane,airplane,00:00:00,TFL
9696,1,1,automobile,automobile,00:00:00,TFL
9697,8,8,ship,ship,00:00:00,TFL
9698,7,7,horse,horse,00:00:00,TFL
9699,0,9,airplane,truck,00:00:00,TFL
9700,0,0,airplane,airplane,00:00:00,TFL
9701,4,4,deer,deer,00:00:00,TFL
9702,7,7,horse,horse,00:00:00,TFL
9703,4,4,deer,deer,00:00:00,TFL
9704,2,5,bird,dog,00:00:00,TFL
9705,6,4,frog,deer,00:00:00,TFL
9706,9,9,truck,truck,00:00:00,TFL
9707,5,5,dog,dog,00:00:00,TFL
9708,9,9,truck,truck,00:00:00,TFL
9709,0,9,airplane,truck,00:00:00,TFL
9710,7,7,horse,horse,00:00:00,TFL
9711,4,4,deer,deer,00:00:00,TFL
9712,5,5,dog,dog,00:00:00,TFL
9713,8,8,ship,ship,00:00:00,TFL
9714,1,1,automobile,automobile,00:00:00,TFL
9715,4,4,deer,deer,00:00:00,TFL
9716,7,5,horse,dog,00:00:00,TFL
9717,9,9,truck,truck,00:00:00,TFL
9718,9,9,truck,truck,00:00:00,TFL
9719,8,8,ship,ship,00:00:00,TFL
9720,8,8,ship,ship,00:00:00,TFL
9721,6,6,frog,frog,00:00:00,TFL
9722,3,3,cat,cat,00:00:00,TFL
9723,7,7,horse,horse,00:00:00,TFL
9724,0,0,airplane,airplane,00:00:00,TFL
9725,8,8,ship,ship,00:00:00,TFL
9726,9,9,truck,truck,00:00:00,TFL
9727,6,8,frog,ship,00:00:00,TFL
9728,2,2,bird,bird,00:00:00,TFL
9729,4,6,deer,frog,00:00:00,TFL
9730,6,6,frog,frog,00:00:00,TFL
9731,2,2,bird,bird,00:00:00,TFL
9732,9,9,truck,truck,00:00:00,TFL
9733,7,7,horse,horse,00:00:00,TFL
9734,4,7,deer,horse,00:00:00,TFL
9735,6,6,frog,frog,00:00:00,TFL
9736,8,8,ship,ship,00:00:00,TFL
9737,5,5,dog,dog,00:00:00,TFL
9738,6,6,frog,frog,00:00:00,TFL
9739,1,1,automobile,automobile,00:00:00,TFL
9740,3,6,cat,frog,00:00:00,TFL
9741,5,5,dog,dog,00:00:00,TFL
9742,9,9,truck,truck,00:00:00,TFL
9743,9,1,truck,automobile,00:00:00,TFL
9744,1,1,automobile,automobile,00:00:00,TFL
9745,3,3,cat,cat,00:00:00,TFL
9746,2,0,bird,airplane,00:00:00,TFL
9747,0,0,airplane,airplane,00:00:00,TFL
9748,3,3,cat,cat,00:00:00,TFL
9749,0,8,airplane,ship,00:00:00,TFL
9750,2,2,bird,bird,00:00:00,TFL
9751,0,0,airplane,airplane,00:00:00,TFL
9752,7,7,horse,horse,00:00:00,TFL
9753,3,5,cat,dog,00:00:00,TFL
9754,9,9,truck,truck,00:00:00,TFL
9755,3,5,cat,dog,00:00:00,TFL
9756,5,3,dog,cat,00:00:00,TFL
9757,7,7,horse,horse,00:00:00,TFL
9758,6,6,frog,frog,00:00:00,TFL
9759,5,5,dog,dog,00:00:00,TFL
9760,9,9,truck,truck,00:00:00,TFL
9761,5,5,dog,dog,00:00:00,TFL
9762,6,6,frog,frog,00:00:00,TFL
9763,1,1,automobile,automobile,00:00:00,TFL
9764,2,2,bird,bird,00:00:00,TFL
9765,4,4,deer,deer,00:00:00,TFL
9766,0,4,airplane,deer,00:00:00,TFL
9767,2,4,bird,deer,00:00:00,TFL
9768,7,7,horse,horse,00:00:00,TFL
9769,8,8,ship,ship,00:00:00,TFL
9770,4,4,deer,deer,00:00:00,TFL
9771,4,4,deer,deer,00:00:00,TFL
9772,0,0,airplane,airplane,00:00:00,TFL
9773,9,9,truck,truck,00:00:00,TFL
9774,5,5,dog,dog,00:00:00,TFL
9775,9,9,truck,truck,00:00:00,TFL
9776,2,4,bird,deer,00:00:00,TFL
9777,9,9,truck,truck,00:00:00,TFL
9778,3,3,cat,cat,00:00:00,TFL
9779,2,3,bird,cat,00:00:00,TFL
9780,4,5,deer,dog,00:00:00,TFL
9781,3,3,cat,cat,00:00:00,TFL
9782,2,2,bird,bird,00:00:00,TFL
9783,2,2,bird,bird,00:00:00,TFL
9784,8,8,ship,ship,00:00:00,TFL
9785,8,8,ship,ship,00:00:00,TFL
9786,6,1,frog,automobile,00:00:00,TFL
9787,8,0,ship,airplane,00:00:00,TFL
9788,1,1,automobile,automobile,00:00:00,TFL
9789,6,6,frog,frog,00:00:00,TFL
9790,8,8,ship,ship,00:00:00,TFL
9791,9,0,truck,airplane,00:00:00,TFL
9792,8,2,ship,bird,00:00:00,TFL
9793,2,5,bird,dog,00:00:00,TFL
9794,1,1,automobile,automobile,00:00:00,TFL
9795,4,4,deer,deer,00:00:00,TFL
9796,9,9,truck,truck,00:00:00,TFL
9797,1,1,automobile,automobile,00:00:00,TFL
9798,5,5,dog,dog,00:00:00,TFL
9799,7,7,horse,horse,00:00:00,TFL
9800,1,1,automobile,automobile,00:00:00,TFL
9801,6,2,frog,bird,00:00:00,TFL
9802,0,0,airplane,airplane,00:00:00,TFL
9803,1,1,automobile,automobile,00:00:00,TFL
9804,5,5,dog,dog,00:00:00,TFL
9805,2,0,bird,airplane,00:00:00,TFL
9806,8,8,ship,ship,00:00:00,TFL
9807,1,1,automobile,automobile,00:00:00,TFL
9808,1,1,automobile,automobile,00:00:00,TFL
9809,3,3,cat,cat,00:00:00,TFL
9810,8,8,ship,ship,00:00:00,TFL
9811,1,1,automobile,automobile,00:00:00,TFL
9812,3,3,cat,cat,00:00:00,TFL
9813,1,1,automobile,automobile,00:00:00,TFL
9814,8,8,ship,ship,00:00:00,TFL
9815,5,5,dog,dog,00:00:00,TFL
9816,1,1,automobile,automobile,00:00:00,TFL
9817,9,9,truck,truck,00:00:00,TFL
9818,0,0,airplane,airplane,00:00:00,TFL
9819,3,5,cat,dog,00:00:00,TFL
9820,0,8,airplane,ship,00:00:00,TFL
9821,4,4,deer,deer,00:00:00,TFL
9822,0,0,airplane,airplane,00:00:00,TFL
9823,5,5,dog,dog,00:00:00,TFL
9824,1,1,automobile,automobile,00:00:00,TFL
9825,2,4,bird,deer,00:00:00,TFL
9826,0,0,airplane,airplane,00:00:00,TFL
9827,4,4,deer,deer,00:00:00,TFL
9828,9,9,truck,truck,00:00:00,TFL
9829,5,5,dog,dog,00:00:00,TFL
9830,1,1,automobile,automobile,00:00:00,TFL
9831,2,2,bird,bird,00:00:00,TFL
9832,2,4,bird,deer,00:00:00,TFL
9833,7,7,horse,horse,00:00:00,TFL
9834,8,8,ship,ship,00:00:00,TFL
9835,7,7,horse,horse,00:00:00,TFL
9836,2,2,bird,bird,00:00:00,TFL
9837,4,4,deer,deer,00:00:00,TFL
9838,5,5,dog,dog,00:00:00,TFL
9839,3,6,cat,frog,00:00:00,TFL
9840,4,7,deer,horse,00:00:00,TFL
9841,0,0,airplane,airplane,00:00:00,TFL
9842,6,4,frog,deer,00:00:00,TFL
9843,1,1,automobile,automobile,00:00:00,TFL
9844,5,5,dog,dog,00:00:00,TFL
9845,9,9,truck,truck,00:00:00,TFL
9846,8,8,ship,ship,00:00:00,TFL
9847,0,0,airplane,airplane,00:00:00,TFL
9848,2,2,bird,bird,00:00:00,TFL
9849,0,0,airplane,airplane,00:00:00,TFL
9850,7,4,horse,deer,00:00:00,TFL
9851,6,6,frog,frog,00:00:00,TFL
9852,0,0,airplane,airplane,00:00:00,TFL
9853,5,6,dog,frog,00:00:00,TFL
9854,9,9,truck,truck,00:00:00,TFL
9855,7,7,horse,horse,00:00:00,TFL
9856,5,5,dog,dog,00:00:00,TFL
9857,0,0,airplane,airplane,00:00:00,TFL
9858,4,4,deer,deer,00:00:00,TFL
9859,6,6,frog,frog,00:00:00,TFL
9860,0,0,airplane,airplane,00:00:00,TFL
9861,6,6,frog,frog,00:00:00,TFL
9862,3,3,cat,cat,00:00:00,TFL
9863,6,6,frog,frog,00:00:00,TFL
9864,8,8,ship,ship,00:00:00,TFL
9865,1,1,automobile,automobile,00:00:00,TFL
9866,1,1,automobile,automobile,00:00:00,TFL
9867,8,8,ship,ship,00:00:00,TFL
9868,9,9,truck,truck,00:00:00,TFL
9869,7,7,horse,horse,00:00:00,TFL
9870,2,2,bird,bird,00:00:00,TFL
9871,9,9,truck,truck,00:00:00,TFL
9872,0,0,airplane,airplane,00:00:00,TFL
9873,2,2,bird,bird,00:00:00,TFL
9874,2,2,bird,bird,00:00:00,TFL
9875,9,9,truck,truck,00:00:00,TFL
9876,0,0,airplane,airplane,00:00:00,TFL
9877,6,6,frog,frog,00:00:00,TFL
9878,5,5,dog,dog,00:00:00,TFL
9879,7,5,horse,dog,00:00:00,TFL
9880,7,7,horse,horse,00:00:00,TFL
9881,9,9,truck,truck,00:00:00,TFL
9882,1,1,automobile,automobile,00:00:00,TFL
9883,7,7,horse,horse,00:00:00,TFL
9884,9,9,truck,truck,00:00:00,TFL
9885,8,8,ship,ship,00:00:00,TFL
9886,4,4,deer,deer,00:00:00,TFL
9887,5,5,dog,dog,00:00:00,TFL
9888,0,0,airplane,airplane,00:00:00,TFL
9889,8,8,ship,ship,00:00:00,TFL
9890,0,0,airplane,airplane,00:00:00,TFL
9891,2,5,bird,dog,00:00:00,TFL
9892,5,2,dog,bird,00:00:00,TFL
9893,2,2,bird,bird,00:00:00,TFL
9894,1,1,automobile,automobile,00:00:00,TFL
9895,4,4,deer,deer,00:00:00,TFL
9896,4,4,deer,deer,00:00:00,TFL
9897,8,8,ship,ship,00:00:00,TFL
9898,9,9,truck,truck,00:00:00,TFL
9899,7,7,horse,horse,00:00:00,TFL
9900,8,8,ship,ship,00:00:00,TFL
9901,3,1,cat,automobile,00:00:00,TFL
9902,6,6,frog,frog,00:00:00,TFL
9903,6,6,frog,frog,00:00:00,TFL
9904,0,0,airplane,airplane,00:00:00,TFL
9905,1,1,automobile,automobile,00:00:00,TFL
9906,1,1,automobile,automobile,00:00:00,TFL
9907,1,1,automobile,automobile,00:00:00,TFL
9908,8,8,ship,ship,00:00:00,TFL
9909,1,1,automobile,automobile,00:00:00,TFL
9910,4,4,deer,deer,00:00:00,TFL
9911,4,4,deer,deer,00:00:00,TFL
9912,0,0,airplane,airplane,00:00:00,TFL
9913,7,7,horse,horse,00:00:00,TFL
9914,8,8,ship,ship,00:00:00,TFL
9915,2,2,bird,bird,00:00:00,TFL
9916,1,1,automobile,automobile,00:00:00,TFL
9917,2,2,bird,bird,00:00:00,TFL
9918,5,5,dog,dog,00:00:00,TFL
9919,4,4,deer,deer,00:00:00,TFL
9920,6,6,frog,frog,00:00:00,TFL
9921,0,0,airplane,airplane,00:00:00,TFL
9922,5,5,dog,dog,00:00:00,TFL
9923,7,7,horse,horse,00:00:00,TFL
9924,4,3,deer,cat,00:00:00,TFL
9925,4,4,deer,deer,00:00:00,TFL
9926,3,3,cat,cat,00:00:00,TFL
9927,9,9,truck,truck,00:00:00,TFL
9928,5,3,dog,cat,00:00:00,TFL
9929,8,8,ship,ship,00:00:00,TFL
9930,8,3,ship,cat,00:00:00,TFL
9931,0,0,airplane,airplane,00:00:00,TFL
9932,8,8,ship,ship,00:00:00,TFL
9933,7,7,horse,horse,00:00:00,TFL
9934,4,4,deer,deer,00:00:00,TFL
9935,1,1,automobile,automobile,00:00:00,TFL
9936,8,8,ship,ship,00:00:00,TFL
9937,4,4,deer,deer,00:00:00,TFL
9938,9,9,truck,truck,00:00:00,TFL
9939,5,5,dog,dog,00:00:00,TFL
9940,4,4,deer,deer,00:00:00,TFL
9941,1,1,automobile,automobile,00:00:00,TFL
9942,7,7,horse,horse,00:00:00,TFL
9943,7,2,horse,bird,00:00:00,TFL
9944,7,7,horse,horse,00:00:00,TFL
9945,7,7,horse,horse,00:00:00,TFL
9946,0,0,airplane,airplane,00:00:00,TFL
9947,3,3,cat,cat,00:00:00,TFL
9948,8,8,ship,ship,00:00:00,TFL
9949,3,3,cat,cat,00:00:00,TFL
9950,3,5,cat,dog,00:00:00,TFL
9951,0,0,airplane,airplane,00:00:00,TFL
9952,5,5,dog,dog,00:00:00,TFL
9953,7,7,horse,horse,00:00:00,TFL
9954,0,0,airplane,airplane,00:00:00,TFL
9955,8,8,ship,ship,00:00:00,TFL
9956,0,0,airplane,airplane,00:00:00,TFL
9957,0,0,airplane,airplane,00:00:00,TFL
9958,9,9,truck,truck,00:00:00,TFL
9959,2,2,bird,bird,00:00:00,TFL
9960,2,0,bird,airplane,00:00:00,TFL
9961,3,3,cat,cat,00:00:00,TFL
9962,4,4,deer,deer,00:00:00,TFL
9963,8,8,ship,ship,00:00:00,TFL
9964,2,2,bird,bird,00:00:00,TFL
9965,2,5,bird,dog,00:00:00,TFL
9966,6,6,frog,frog,00:00:00,TFL
9967,3,3,cat,cat,00:00:00,TFL
9968,3,5,cat,dog,00:00:00,TFL
9969,6,6,frog,frog,00:00:00,TFL
9970,2,2,bird,bird,00:00:00,TFL
9971,9,9,truck,truck,00:00:00,TFL
9972,4,4,deer,deer,00:00:00,TFL
9973,0,0,airplane,airplane,00:00:00,TFL
9974,1,1,automobile,automobile,00:00:00,TFL
9975,7,7,horse,horse,00:00:00,TFL
9976,5,5,dog,dog,00:00:00,TFL
9977,5,5,dog,dog,00:00:00,TFL
9978,7,4,horse,deer,00:00:00,TFL
9979,3,5,cat,dog,00:00:00,TFL
9980,0,0,airplane,airplane,00:00:00,TFL
9981,4,4,deer,deer,00:00:00,TFL
9982,2,6,bird,frog,00:00:00,TFL
9983,0,1,airplane,automobile,00:00:00,TFL
9984,7,7,horse,horse,00:00:00,TFL
9985,5,9,dog,truck,00:00:00,TFL
9986,8,8,ship,ship,00:00:00,TFL
9987,0,0,airplane,airplane,00:00:00,TFL
9988,8,8,ship,ship,00:00:00,TFL
9989,2,4,bird,deer,00:00:00,TFL
9990,7,7,horse,horse,00:00:00,TFL
9991,0,0,airplane,airplane,00:00:00,TFL
9992,3,3,cat,cat,00:00:00,TFL
9993,5,5,dog,dog,00:00:00,TFL
9994,3,3,cat,cat,00:00:00,TFL
9995,8,3,ship,cat,00:00:00,TFL
9996,3,3,cat,cat,00:00:00,TFL
9997,5,5,dog,dog,00:00:00,TFL
9998,1,1,automobile,automobile,00:00:00,TFL
9999,7,7,horse,horse,00:00:00,TFL
